#
#Feature symbol names
#
$0 r5.906

#
#Feature attribute names
#
@0 .pattern_fill

#
#Layer features
#
A 0.28342451 2.11983583 0.35017205 2.07825069 0.31672982 2.09893337 0 P 0 Y
A 0.35017205 2.07825069 0.35021978 1.55948091 0.76377569 1.81890384 0 P 0 N
A 0.35021978 1.55948091 0.28345354 1.51792717 0.31673396 1.53886909 0 P 0 Y
A 0.28345354 1.51792717 0.28342451 2.11983583 0.76377589 1.81890463 0 P 0 Y
A 0.28342461 3.17495354 0.35017215 3.13336841 0.31672992 3.15405108 0 P 0 Y
A 0.35017215 3.13336841 0.35021988 2.61459862 0.76377579 2.87402156 0 P 0 N
A 0.35021988 2.61459862 0.28345364 2.57304488 0.31673406 2.59398681 0 P 0 Y
A 0.28345364 2.57304488 0.28342461 3.17495354 0.76377598 2.87402234 0 P 0 Y
A 0.28342825 1.06471083 0.35017579 1.02312569 0.31673356 1.04380837 0 P 0 Y
A 0.35017579 1.02312569 0.35022352 0.50435591 0.76377943 0.76377884 0 P 0 N
A 0.35022352 0.50435591 0.28345728 0.46280217 0.3167377 0.48374409 0 P 0 Y
A 0.28345728 0.46280217 0.28342825 1.06471083 0.76377963 0.76377963 0 P 0 Y
A 0.4628127 0.28345049 0.50445482 0.3501625 0.48375069 0.31673356 0 P 0 Y
A 0.50445482 0.3501625 1.02338907 0.35033858 0.76378159 0.76377953 0 P 0 N
A 1.02338907 0.35033858 1.06470394 0.2834249 1.04381447 0.31673848 0 P 0 Y
A 1.06470394 0.2834249 0.4628127 0.28345049 0.76377874 0.76377963 0 P 0 Y
A 0.46284892 3.35436742 1.06470522 3.35437057 0.76377963 2.87401585 0 P 0 Y
A 1.06470522 3.35437057 1.02307608 3.28765059 1.04380915 3.32106142 0 P 0 Y
A 1.02307608 3.28765059 0.50433474 3.28755994 0.76377766 2.87401575 0 P 0 N
A 0.50433474 3.28755994 0.47781831 3.28227854 0.48386368 3.32113317 0 P 0 Y
A 0.47781831 3.28227854 0.46284892 3.35436742 0.48372372 3.32110344 0 P 0 Y
A 1.51793071 0.28345049 1.55957283 0.3501625 1.5388687 0.31673356 0 P 0 Y
A 1.55957283 0.3501625 2.07850709 0.35033858 1.81889961 0.76377953 0 P 0 N
A 2.07850709 0.35033858 2.11982195 0.2834249 2.09893248 0.31673848 0 P 0 Y
A 2.11982195 0.2834249 1.51793071 0.28345049 1.81889675 0.76377963 0 P 0 Y
A 1.51796683 3.35436732 2.11982313 3.35437047 1.81889754 2.87401575 0 P 0 Y
A 2.11982313 3.35437047 2.078194 3.28765049 2.09892707 3.32106132 0 P 0 Y
A 2.078194 3.28765049 1.55945266 3.28755984 1.81889557 2.87401565 0 P 0 N
A 1.55945266 3.28755984 1.53293622 3.28227844 1.53898159 3.32113307 0 P 0 Y
A 1.53293622 3.28227844 1.51796683 3.35436732 1.53884163 3.32110335 0 P 0 Y
A 2.23248652 3.13338612 2.29927323 3.17490571 2.26594252 3.15404508 0 P 0 Y
A 2.29927323 3.17490571 2.29926358 2.57310797 1.81889754 2.87401457 0 P 0 Y
A 2.29926358 2.57310797 2.23259587 2.61482057 2.26594331 2.59398602 0 P 0 Y
A 2.23259587 2.61482057 2.23248652 3.13338612 1.81889744 2.87401614 0 P 0 N
A 2.23248661 2.07826801 2.29927333 2.1197876 2.26594262 2.09892697 0 P 0 Y
A 2.29927333 2.1197876 2.29926368 1.51798986 1.81889764 1.81889646 0 P 0 Y
A 2.29926368 1.51798986 2.23259596 1.55970246 2.26594341 1.53886791 0 P 0 Y
A 2.23259596 1.55970246 2.23248661 2.07826801 1.81889754 1.81889803 0 P 0 N
A 2.23248671 1.0231498 2.29927343 1.06466939 2.26594272 1.04380876 0 P 0 Y
A 2.29927343 1.06466939 2.29926378 0.46287165 1.81889774 0.76377825 0 P 0 Y
A 2.29926378 0.46287165 2.23259606 0.50458425 2.2659435 0.4837497 0 P 0 Y
A 2.23259606 0.50458425 2.23248671 1.0231498 1.81889764 0.76377982 0 P 0 N
L -0.00001142 0.03939724 -0.00001142 3.59839803 0 P 0 
A -0.00001142 3.59839803 0.03938809 3.63779764 0.03938819 3.59839803 0 P 0 Y
L 0.03938809 3.63779764 2.54328907 3.63779764 0 P 0 
A 2.54328907 3.63779764 2.58268858 3.59839803 2.54328898 3.59839803 0 P 0 Y
L 2.58268858 3.59839803 2.58268858 0.03939724 0 P 0 
A 2.58268858 0.03939724 2.54328907 -0.00000236 2.54328898 0.03939724 0 P 0 Y
L 2.54328907 -0.00000236 0.03938809 -0.00000236 0 P 0 
A 0.03938809 -0.00000236 -0.00001142 0.03939724 0.03938819 0.03939724 0 P 0 Y
A 0.462756 1.33848789 0.50440059 1.40531457 0.4837248 1.37180994 0 P 0 Y
A 0.50440059 1.40531457 1.02319813 1.40533898 0.76377992 1.81889764 0 P 0 N
A 1.02319813 1.40533898 1.06475974 1.33846201 1.04383406 1.37181043 0 P 0 Y
A 1.06475974 1.33846201 1.04317195 1.325594 0.76376033 1.81888622 0 P 0 Y
A 1.04317195 1.325594 1.04318209 1.25707746 1.0625875 1.29133858 0 P 0 N
A 1.04318209 1.25707746 1.06474262 1.24422717 0.76378081 0.76377874 0 P 0 Y
A 1.06474262 1.24422717 1.02307146 1.17741722 1.04383524 1.21086703 0 P 0 Y
A 1.02307146 1.17741722 0.50442697 1.17738051 0.76377844 0.76377953 0 P 0 N
A 0.50442697 1.17738051 0.46280659 1.24422087 0.48372372 1.21086722 0 P 0 Y
A 0.46280659 1.24422087 0.48437697 1.25707746 0.76378041 0.76378012 0 P 0 Y
A 0.48437697 1.25707746 0.48437697 1.3255997 0.46497156 1.29133858 0 P 0 N
A 0.48437697 1.3255997 0.462756 1.33848789 0.76377894 1.81889823 0 P 0 Y
A 0.46276949 2.39359764 0.50440059 2.46043268 0.48372461 2.42692825 0 P 0 Y
A 0.50440059 2.46043268 1.02319813 2.46045709 0.76377992 2.87401575 0 P 0 N
A 1.02319813 2.46045709 1.06475974 2.39358012 1.04383406 2.42692854 0 P 0 Y
A 1.06475974 2.39358012 1.04317195 2.38071211 0.76376033 2.87400433 0 P 0 Y
A 1.04317195 2.38071211 1.04318209 2.31219557 1.0625875 2.34645669 0 P 0 N
A 1.04318209 2.31219557 1.06474262 2.29934528 0.76378081 1.81889685 0 P 0 Y
A 1.06474262 2.29934528 1.02307146 2.23253533 1.04383524 2.26598514 0 P 0 Y
A 1.02307146 2.23253533 0.50442697 2.23249862 0.76377844 1.81889764 0 P 0 N
A 0.50442697 2.23249862 0.46280659 2.29933898 0.48372372 2.26598533 0 P 0 Y
A 0.46280659 2.29933898 0.48437697 2.31219557 0.76378061 1.81889803 0 P 0 Y
A 0.48437697 2.31219557 0.48437697 2.38071782 0.46497156 2.34645669 0 P 0 N
A 0.48437697 2.38071782 0.46276949 2.39359764 0.76378012 2.87401535 0 P 0 Y
A 1.17740167 3.13333268 1.24421467 3.17499646 1.21086644 3.15407116 0 P 0 Y;0
A 1.24421467 3.17499646 1.25707648 3.15341998 0.76379282 2.8739936 0 P 0 Y;0
A 1.25707648 3.15341998 1.3255997 3.15341831 1.29133858 3.17282372 0 P 0 N;0
A 1.3255997 3.15341831 1.33844567 3.17497175 1.81889724 2.87401526 0 P 0 Y;0
A 1.33844567 3.17497175 1.4053436 3.13344104 1.37181024 3.15407037 0 P 0 Y;0
A 1.4053436 3.13344104 1.40529321 2.61466929 1.81889764 2.87401496 0 P 0 N;0
A 1.40529321 2.61466929 1.33848297 2.573 1.37180945 2.59396073 0 P 0 Y;0
A 1.33848297 2.573 1.3255997 2.59461319 1.81889852 2.87401417 0 P 0 Y;0
A 1.3255997 2.59461319 1.25707746 2.59461329 1.29133858 2.57520778 0 P 0 N;0
A 1.25707746 2.59461329 1.24422264 2.57304557 0.76377904 2.87401496 0 P 0 Y;0
A 1.24422264 2.57304557 1.17745709 2.6147874 1.21086703 2.59396004 0 P 0 Y;0
A 1.17745709 2.6147874 1.17740167 3.13333268 0.76377953 2.87401585 0 P 0 N;0
A 1.17740236 1.02309537 1.24421457 1.06476033 1.21086644 1.04383484 0 P 0 Y;0
A 1.24421457 1.06476033 1.25709065 1.04315886 0.7637938 0.76375561 0 P 0 Y;0
A 1.25709065 1.04315886 1.3255997 1.04318209 1.29133858 1.0625875 0 P 0 N;0
A 1.3255997 1.04318209 1.33844547 1.06473543 1.81889862 0.7637812 0 P 0 Y;0
A 1.33844547 1.06473543 1.40530817 1.02314852 1.37180994 1.04383445 0 P 0 Y;0
A 1.40530817 1.02314852 1.40530148 0.50442116 1.81889764 0.76377953 0 P 0 N;0
A 1.40530148 0.50442116 1.33847549 0.46277579 1.37180984 0.4837247 0 P 0 Y;0
A 1.33847549 0.46277579 1.32560187 0.48437313 1.81889813 0.76377894 0 P 0 Y;0
A 1.32560187 0.48437313 1.25707746 0.48437697 1.29133858 0.46497156 0 P 0 N;0
A 1.25707746 0.48437697 1.24421821 0.46280197 0.76377776 0.76377648 0 P 0 Y;0
A 1.24421821 0.46280197 1.17743848 0.50452146 1.21086713 0.48372382 0 P 0 Y;0
A 1.17743848 0.50452146 1.17740236 1.02309537 0.76377953 0.76377963 0 P 0 N;0
A 1.17740236 2.07821348 1.24421457 2.11987844 1.21086644 2.09895295 0 P 0 Y;0
A 1.24421457 2.11987844 1.25709065 2.09827697 0.7637938 1.81887372 0 P 0 Y;0
A 1.25709065 2.09827697 1.3255997 2.0983002 1.29133858 2.11770561 0 P 0 N;0
A 1.3255997 2.0983002 1.33844547 2.11985354 1.81889862 1.81889931 0 P 0 Y;0
A 1.33844547 2.11985354 1.40530817 2.07826663 1.37180994 2.09895256 0 P 0 Y;0
A 1.40530817 2.07826663 1.40529321 1.55955118 1.81889764 1.81889695 0 P 0 N;0
A 1.40529321 1.55955118 1.33848297 1.51788189 1.37180945 1.53884262 0 P 0 Y;0
A 1.33848297 1.51788189 1.3255997 1.53949508 1.81889852 1.81889606 0 P 0 Y;0
A 1.3255997 1.53949508 1.25707746 1.53949518 1.29133858 1.52008967 0 P 0 N;0
A 1.25707746 1.53949518 1.24422264 1.51792746 0.76377904 1.81889685 0 P 0 Y;0
A 1.24422264 1.51792746 1.17745709 1.55966929 1.21086703 1.53884193 0 P 0 Y;0
A 1.17745709 1.55966929 1.17740236 2.07821348 0.76377953 1.81889774 0 P 0 N;0
A 1.51788376 1.33848189 1.55959232 1.40526831 1.53884262 1.37180974 0 P 0 Y;0
A 1.55959232 1.40526831 2.07838996 1.40538514 1.81889803 1.81889764 0 P 0 N;0
A 2.07838996 1.40538514 2.11987776 1.33846191 2.09895187 1.37181073 0 P 0 Y;0
A 2.11987776 1.33846191 2.09829006 1.325594 1.81887894 1.81888681 0 P 0 Y;0
A 2.09829006 1.325594 2.0983002 1.25707746 2.11770561 1.29133858 0 P 0 N;0
A 2.0983002 1.25707746 2.11986063 1.24422717 1.81889783 0.76377933 0 P 0 Y;0
A 2.11986063 1.24422717 2.07826358 1.17737077 2.09895325 1.21086673 0 P 0 Y;0
A 2.07826358 1.17737077 1.55954469 1.1773811 1.81889587 0.76377953 0 P 0 N;0
A 1.55954469 1.1773811 1.51792461 1.24422077 1.53884163 1.21086752 0 P 0 Y;0
A 1.51792461 1.24422077 1.53949508 1.25707746 1.81889921 0.76378041 0 P 0 Y;0
A 1.53949508 1.25707746 1.53949508 1.3255997 1.52008967 1.29133858 0 P 0 N;0
A 1.53949508 1.3255997 1.51788376 1.33848189 1.81889754 1.81889774 0 P 0 Y;0
A 1.51788376 2.3936 1.55959232 2.46038642 1.53884262 2.42692785 0 P 0 Y;0
A 1.55959232 2.46038642 2.07838996 2.46050325 1.81889803 2.87401575 0 P 0 N;0
A 2.07838996 2.46050325 2.11987776 2.39358002 2.09895187 2.42692884 0 P 0 Y;0
A 2.11987776 2.39358002 2.09829006 2.38071211 1.81887913 2.87400453 0 P 0 Y;0
A 2.09829006 2.38071211 2.0983002 2.31219557 2.11770561 2.34645669 0 P 0 N;0
A 2.0983002 2.31219557 2.11987028 2.29933927 1.81889833 1.81889685 0 P 0 Y;0
A 2.11987028 2.29933927 2.07826358 2.23248888 2.09895315 2.26598484 0 P 0 Y;0
A 2.07826358 2.23248888 1.55954469 2.23249921 1.81889587 1.81889764 0 P 0 N;0
A 1.55954469 2.23249921 1.51792461 2.29933888 1.53884163 2.26598563 0 P 0 Y;0
A 1.51792461 2.29933888 1.53949508 2.31219557 1.81889921 1.81889852 0 P 0 Y;0
A 1.53949508 2.31219557 1.53949508 2.38071782 1.52008967 2.34645669 0 P 0 N;0
A 1.53949508 2.38071782 1.51788376 2.3936 1.81889754 2.87401585 0 P 0 Y;0
