#
#Feature symbol names
#
$0 r19.685
$1 r78.74

#
#Layer features
#
P 1.15053543 1.06168504 0 P 0 0
P 1.13052362 1.08600394 0 P 0 0
P 1.10898032 1.10898032 0 P 0 0
P 1.08600394 1.13052362 0 P 0 0
P 1.06168504 1.15053543 0 P 0 0
P 0.4658748 1.15053543 0 P 0 0
P 0.44155551 1.13052362 0 P 0 0
P 0.41857795 1.10898032 0 P 0 0
P 0.39703661 1.08600394 0 P 0 0
P 0.37702205 1.06168504 0 P 0 0
P 0.37702205 0.4658748 0 P 0 0
P 0.39703661 0.44155551 0 P 0 0
P 0.41857795 0.41857795 0 P 0 0
P 0.44155551 0.39703661 0 P 0 0
P 0.4658748 0.37702205 0 P 0 0
P 1.06168504 0.37702205 0 P 0 0
P 1.08600394 0.39703661 0 P 0 0
P 1.10898032 0.41857795 0 P 0 0
P 1.13052362 0.44155551 0 P 0 0
P 1.15053543 0.4658748 0 P 0 0
P 1.15053543 2.11680315 0 P 0 0
P 1.13052362 2.14112205 0 P 0 0
P 1.10898032 2.16409843 0 P 0 0
P 1.08600394 2.18564173 0 P 0 0
P 1.06168504 2.20565354 0 P 0 0
P 0.4658748 2.20565354 0 P 0 0
P 0.44155551 2.18564173 0 P 0 0
P 0.41857795 2.16409843 0 P 0 0
P 0.39703661 2.14112205 0 P 0 0
P 0.37702205 2.11680315 0 P 0 0
P 0.37702205 1.52099291 0 P 0 0
P 0.39703661 1.49667362 0 P 0 0
P 0.41857795 1.47369606 0 P 0 0
P 0.44155551 1.45215472 0 P 0 0
P 0.4658748 1.43214016 0 P 0 0
P 1.06168504 1.43214016 0 P 0 0
P 1.08600394 1.45215472 0 P 0 0
P 1.10898032 1.47369606 0 P 0 0
P 1.13052362 1.49667362 0 P 0 0
P 1.15053543 1.52099291 0 P 0 0
P 1.15053543 3.17192126 0 P 0 0
P 1.13052362 3.19624016 0 P 0 0
P 1.10898032 3.21921654 0 P 0 0
P 1.08600394 3.24075984 0 P 0 0
P 1.06168504 3.26077165 0 P 0 0
P 0.4658748 3.26077165 0 P 0 0
P 0.44155551 3.24075984 0 P 0 0
P 0.41857795 3.21921654 0 P 0 0
P 0.39703661 3.19624016 0 P 0 0
P 0.37702205 3.17192126 0 P 0 0
P 0.37702205 2.57611102 0 P 0 0
P 0.39703661 2.55179173 0 P 0 0
P 0.41857795 2.52881417 0 P 0 0
P 0.44155551 2.50727283 0 P 0 0
P 0.4658748 2.48725827 0 P 0 0
P 1.06168504 2.48725827 0 P 0 0
P 1.08600394 2.50727283 0 P 0 0
P 1.10898032 2.52881417 0 P 0 0
P 1.13052362 2.55179173 0 P 0 0
P 1.15053543 2.57611102 0 P 0 0
P 2.20565354 1.06168504 0 P 0 0
P 2.18564173 1.08600394 0 P 0 0
P 2.16409843 1.10898032 0 P 0 0
P 2.14112205 1.13052362 0 P 0 0
P 2.11680315 1.15053543 0 P 0 0
P 1.52099291 1.15053543 0 P 0 0
P 1.49667362 1.13052362 0 P 0 0
P 1.47369606 1.10898032 0 P 0 0
P 1.45215472 1.08600394 0 P 0 0
P 1.43214016 1.06168504 0 P 0 0
P 1.43214016 0.4658748 0 P 0 0
P 1.45215472 0.44155551 0 P 0 0
P 1.47369606 0.41857795 0 P 0 0
P 1.49667362 0.39703661 0 P 0 0
P 1.52099291 0.37702205 0 P 0 0
P 2.11680315 0.37702205 0 P 0 0
P 2.14112205 0.39703661 0 P 0 0
P 2.16409843 0.41857795 0 P 0 0
P 2.18564173 0.44155551 0 P 0 0
P 2.20565354 0.4658748 0 P 0 0
P 2.20565354 2.11680315 0 P 0 0
P 2.18564173 2.14112205 0 P 0 0
P 2.16409843 2.16409843 0 P 0 0
P 2.14112205 2.18564173 0 P 0 0
P 2.11680315 2.20565354 0 P 0 0
P 1.52099291 2.20565354 0 P 0 0
P 1.49667362 2.18564173 0 P 0 0
P 1.47369606 2.16409843 0 P 0 0
P 1.45215472 2.14112205 0 P 0 0
P 1.43214016 2.11680315 0 P 0 0
P 1.43214016 1.52099291 0 P 0 0
P 1.45215472 1.49667362 0 P 0 0
P 1.47369606 1.47369606 0 P 0 0
P 1.49667362 1.45215472 0 P 0 0
P 1.52099291 1.43214016 0 P 0 0
P 2.11680315 1.43214016 0 P 0 0
P 2.14112205 1.45215472 0 P 0 0
P 2.16409843 1.47369606 0 P 0 0
P 2.18564173 1.49667362 0 P 0 0
P 2.20565354 1.52099291 0 P 0 0
P 2.20565354 3.17192126 0 P 0 0
P 2.18564173 3.19624016 0 P 0 0
P 2.16409843 3.21921654 0 P 0 0
P 2.14112205 3.24075984 0 P 0 0
P 2.11680315 3.26077165 0 P 0 0
P 1.52099291 3.26077165 0 P 0 0
P 1.49667362 3.24075984 0 P 0 0
P 1.47369606 3.21921654 0 P 0 0
P 1.45215472 3.19624016 0 P 0 0
P 1.43214016 3.17192126 0 P 0 0
P 1.43214016 2.57611102 0 P 0 0
P 1.45215472 2.55179173 0 P 0 0
P 1.47369606 2.52881417 0 P 0 0
P 1.49667362 2.50727283 0 P 0 0
P 1.52099291 2.48725827 0 P 0 0
P 2.11680315 2.48725827 0 P 0 0
P 2.14112205 2.50727283 0 P 0 0
P 2.16409843 2.52881417 0 P 0 0
P 2.18564173 2.55179173 0 P 0 0
P 2.20565354 2.57611102 0 P 0 0
P 0.13779528 0.13779528 1 P 0 0
P 0.13779528 3.5 1 P 0 0
P 2.44488189 3.5 1 P 0 0
P 2.44488189 0.13779528 1 P 0 0
