#
#Feature symbol names
#
$0 r4.724
$1 r5.906

#
#Layer features
#
L 0.57980453 0.41672372 0.55944409 0.41672372 0 P 10 
L 0.57980453 0.47262923 0.55944409 0.47262923 0 P 10 
L 0.12957707 0.37285669 0.12957707 0.35249626 0 P 10 
L 0.07367156 0.37285669 0.07367156 0.35249626 0 P 10 
L 0.75913386 0.67201663 0.75913386 0.69237707 0 P 10 
L 0.70322835 0.67201663 0.70322835 0.69237707 0 P 10 
L 0.32857707 0.52185669 0.32857707 0.50149626 0 P 10 
L 0.27267156 0.52185669 0.27267156 0.50149626 0 P 10 
L 0.17467156 0.37676614 0.17467156 0.35640571 0 P 10 
L 0.23057707 0.37676614 0.23057707 0.35640571 0 P 10 
L 0.48600089 0.73424409 0.50636132 0.73424409 0 P 10 
L 0.48600089 0.79014961 0.50636132 0.79014961 0 P 10 
L 0.34886132 0.11224409 0.32850089 0.11224409 0 P 10 
L 0.34886132 0.16814961 0.32850089 0.16814961 0 P 10 
L 0.80100089 0.21924409 0.82136132 0.21924409 0 P 10 
L 0.80100089 0.27514961 0.82136132 0.27514961 0 P 10 
L 0.66610236 0.73099213 0.66610236 0.7676063 0 P 10 
L 0.66610236 0.85540157 0.66610236 0.8187874 0 P 10 
L 0.66610236 0.85540157 0.58106299 0.85540157 0 P 10 
L 0.66610236 0.73099213 0.60862205 0.73099213 0 P 10 
L 0.35913386 0.75701663 0.35913386 0.77737707 0 P 10 
L 0.30322835 0.75701663 0.30322835 0.77737707 0 P 10 
L 0.22222835 0.77737707 0.22222835 0.75701663 0 P 10 
L 0.27813386 0.77737707 0.27813386 0.75701663 0 P 10 
L 0.85836132 0.53924409 0.83800089 0.53924409 0 P 10 
L 0.85836132 0.59514961 0.83800089 0.59514961 0 P 10 
L 0.83813386 0.67201663 0.83813386 0.69237707 0 P 10 
L 0.78222835 0.67201663 0.78222835 0.69237707 0 P 10 
L 0.07467156 0.49749626 0.07467156 0.51785669 0 P 10 
L 0.13057707 0.49749626 0.13057707 0.51785669 0 P 10 
L 0.17667156 0.49649626 0.17667156 0.51685669 0 P 10 
L 0.23257707 0.49649626 0.23257707 0.51685669 0 P 10 
L 0.17000089 0.22124409 0.19036132 0.22124409 0 P 10 
L 0.17000089 0.27714961 0.19036132 0.27714961 0 P 10 
L 0.72163386 0.19037707 0.72163386 0.17001663 0 P 10 
L 0.66572835 0.19037707 0.66572835 0.17001663 0 P 10 
L 0.66572835 0.32287707 0.66572835 0.30251663 0 P 10 
L 0.72163386 0.32287707 0.72163386 0.30251663 0 P 10 
L 0.27222835 0.32301663 0.27222835 0.34337707 0 P 10 
L 0.32813386 0.32301663 0.32813386 0.34337707 0 P 10 
L 0.81280453 0.30972372 0.79244409 0.30972372 0 P 10 
L 0.81280453 0.36562923 0.79244409 0.36562923 0 P 10 
L 0.60987402 0.5107874 0.66499213 0.5107874 1 P 11 
L 0.60987402 0.7115748 0.44648819 0.7115748 1 P 11 
L 0.60987402 0.5088189 0.44648819 0.5088189 1 P 11 
L 0.60987402 0.7115748 0.60987402 0.70586614 1 P 11 
L 0.44648819 0.7115748 0.44648819 0.70586614 1 P 11 
L 0.44648819 0.5088189 0.44648819 0.51452756 1 P 11 
L 0.60987402 0.5088189 0.60987402 0.5107874 1 P 11 
L 0.4209314 0.39505443 0.4209314 0.39308593 1 P 11 
L 0.58431722 0.39505443 0.58431722 0.38934577 1 P 11 
L 0.58431722 0.19229852 0.58431722 0.19800719 1 P 11 
L 0.4209314 0.19229852 0.4209314 0.19800719 1 P 11 
L 0.4209314 0.39505443 0.58431722 0.39505443 1 P 11 
L 0.4209314 0.19229852 0.58431722 0.19229852 1 P 11 
L 0.4209314 0.39308593 0.36581329 0.39308593 1 P 11 
L 0.31362205 0.89975591 0.36874016 0.89975591 0 P 10 
L 0.31362205 0.8446378 0.31362205 0.89975591 0 P 10 
L 0.36874016 0.8446378 0.31362205 0.8446378 0 P 10 
L 0.36874016 0.89975591 0.36874016 0.8446378 0 P 10 
L 0.28874016 0.89975591 0.28874016 0.8446378 0 P 10 
L 0.28874016 0.8446378 0.23362205 0.8446378 0 P 10 
L 0.23362205 0.8446378 0.23362205 0.89975591 0 P 10 
L 0.23362205 0.89975591 0.28874016 0.89975591 0 P 10 
L 0.49362205 0.8746378 0.49362205 0.92975591 0 P 10 
L 0.54874016 0.8746378 0.49362205 0.8746378 0 P 10 
L 0.54874016 0.92975591 0.54874016 0.8746378 0 P 10 
L 0.49362205 0.92975591 0.54874016 0.92975591 0 P 10 
L 0.57162205 0.92975591 0.62674016 0.92975591 0 P 10 
L 0.62674016 0.92975591 0.62674016 0.8746378 0 P 10 
L 0.62674016 0.8746378 0.57162205 0.8746378 0 P 10 
L 0.57162205 0.8746378 0.57162205 0.92975591 0 P 10 
L 0.46374016 0.12025591 0.46374016 0.0651378 0 P 10 
L 0.46374016 0.0651378 0.40862205 0.0651378 0 P 10 
L 0.40862205 0.0651378 0.40862205 0.12025591 0 P 10 
L 0.40862205 0.12025591 0.46374016 0.12025591 0 P 10 
L 0.55362205 0.12025591 0.60874016 0.12025591 0 P 10 
L 0.55362205 0.0651378 0.55362205 0.12025591 0 P 10 
L 0.60874016 0.0651378 0.55362205 0.0651378 0 P 10 
L 0.60874016 0.12025591 0.60874016 0.0651378 0 P 10 
L 0.53624016 0.12025591 0.53624016 0.0651378 0 P 10 
L 0.53624016 0.0651378 0.48112205 0.0651378 0 P 10 
L 0.48112205 0.0651378 0.48112205 0.12025591 0 P 10 
L 0.48112205 0.12025591 0.53624016 0.12025591 0 P 10 
L 0.22555906 0.61411742 0.22555906 0.68695207 0 P 10 
L 0.27280315 0.61411742 0.27280315 0.68695207 0 P 10 
L 0.27280315 0.68695207 0.22555906 0.68695207 0 P 10 
L 0.20480315 0.66975591 0.20480315 0.59692126 0 P 10 
L 0.15755906 0.66975591 0.15755906 0.59692126 0 P 10 
L 0.15755906 0.59692126 0.20480315 0.59692126 0 P 10 
L 0.09355906 0.59492126 0.14080315 0.59492126 0 P 10 
L 0.09355906 0.66775591 0.09355906 0.59492126 0 P 10 
L 0.14080315 0.66775591 0.14080315 0.59492126 0 P 10 
L 0.29255906 0.59792126 0.33980315 0.59792126 0 P 10 
L 0.29255906 0.67075591 0.29255906 0.59792126 0 P 10 
L 0.33980315 0.67075591 0.33980315 0.59792126 0 P 10 
