#
#Feature symbol names
#
$0 r11.024
$1 r19.685
$2 r32.677
$3 r39.567
$4 s43.701
$5 rect28.74x24.803
$6 rect36.614x32.677
$7 rect39.567x56.299xr9.606
$8 rect56.299x39.567xr9.606
$9 rect62.205x24.803

#
#Feature attribute names
#
@0 .smd

#
#Layer features
#
P 0.60653376 0.44467648 7 P 10 0
P 0.60653376 0.44467648 3 P 11 0;0
P 0.53271486 0.44467648 7 P 10 0
P 0.53271486 0.44467648 3 P 11 0;0
P 0.10162431 0.39958593 8 P 10 0
P 0.10162431 0.39958593 3 P 11 0;0
P 0.10162431 0.32576703 8 P 10 0
P 0.10162431 0.32576703 3 P 11 0;0
P 0.7311811 0.7191063 8 P 10 0
P 0.7311811 0.7191063 3 P 11 0;0
P 0.7311811 0.6452874 8 P 10 0
P 0.7311811 0.6452874 3 P 11 0;0
P 0.30062431 0.54858593 8 P 10 0
P 0.30062431 0.54858593 3 P 11 0;0
P 0.30062431 0.47476703 8 P 10 0
P 0.30062431 0.47476703 3 P 11 0;0
P 0.20262431 0.32967648 8 P 10 0
P 0.20262431 0.32967648 3 P 11 0;0
P 0.20262431 0.40349537 8 P 10 0
P 0.20262431 0.40349537 3 P 11 0;0
P 0.53309055 0.76219685 7 P 10 0
P 0.53309055 0.76219685 3 P 11 0;0
P 0.45927165 0.76219685 7 P 10 0
P 0.45927165 0.76219685 3 P 11 0;0
P 0.37559055 0.14019685 7 P 10 0
P 0.37559055 0.14019685 3 P 11 0;0
P 0.30177165 0.14019685 7 P 10 0
P 0.30177165 0.14019685 3 P 11 0;0
P 0.84809055 0.24719685 7 P 10 0
P 0.84809055 0.24719685 3 P 11 0;0
P 0.77427165 0.24719685 7 P 10 0
P 0.77427165 0.24719685 3 P 11 0;0
P 0.59681102 0.83059843 6 P 12 0
P 0.59681102 0.75579528 6 P 12 0
P 0.67555118 0.79319685 6 P 12 0
P 0.3311811 0.8041063 8 P 10 0
P 0.3311811 0.8041063 3 P 11 0;0
P 0.3311811 0.7302874 8 P 10 0
P 0.3311811 0.7302874 3 P 11 0;0
P 0.2501811 0.7302874 8 P 10 0
P 0.2501811 0.7302874 3 P 11 0;0
P 0.2501811 0.8041063 8 P 10 0
P 0.2501811 0.8041063 3 P 11 0;0
P 0.88509055 0.56719685 7 P 10 0
P 0.88509055 0.56719685 3 P 11 0;0
P 0.81127165 0.56719685 7 P 10 0
P 0.81127165 0.56719685 3 P 11 0;0
P 0.8101811 0.7191063 8 P 10 0
P 0.8101811 0.7191063 3 P 11 0;0
P 0.8101811 0.6452874 8 P 10 0
P 0.8101811 0.6452874 3 P 11 0;0
P 0.10262431 0.47076703 8 P 10 0
P 0.10262431 0.47076703 3 P 11 0;0
P 0.10262431 0.54458593 8 P 10 0
P 0.10262431 0.54458593 3 P 11 0;0
P 0.20462431 0.46976703 8 P 10 0
P 0.20462431 0.46976703 3 P 11 0;0
P 0.20462431 0.54358593 8 P 10 0
P 0.20462431 0.54358593 3 P 11 0;0
P 0.21709055 0.24919685 7 P 10 0
P 0.21709055 0.24919685 3 P 11 0;0
P 0.14327165 0.24919685 7 P 10 0
P 0.14327165 0.24919685 3 P 11 0;0
P 0.6936811 0.2171063 8 P 10 0
P 0.6936811 0.2171063 3 P 11 0;0
P 0.6936811 0.1432874 8 P 10 0
P 0.6936811 0.1432874 3 P 11 0;0
P 0.6936811 0.2757874 8 P 10 0
P 0.6936811 0.2757874 3 P 11 0;0
P 0.6936811 0.3496063 8 P 10 0
P 0.6936811 0.3496063 3 P 11 0;0
P 0.3001811 0.2962874 8 P 10 0
P 0.3001811 0.2962874 3 P 11 0;0
P 0.3001811 0.3701063 8 P 10 0
P 0.3001811 0.3701063 3 P 11 0;0
P 0.83953376 0.33767648 7 P 10 0
P 0.83953376 0.33767648 3 P 11 0;0
P 0.76571486 0.33767648 7 P 10 0
P 0.76571486 0.33767648 3 P 11 0;0
P 0.42188189 0.53519685 9 P 13 0
P 0.42188189 0.58519685 9 P 13 0
P 0.42188189 0.63519685 9 P 13 0
P 0.42188189 0.68519685 9 P 13 0
P 0.63448032 0.68519685 9 P 13 0
P 0.63448032 0.63519685 9 P 13 0
P 0.63448032 0.58519685 9 P 13 0
P 0.63448032 0.53519685 9 P 13 0
P 0.3963251 0.36867648 9 P 13 0
P 0.3963251 0.31867648 9 P 13 0
P 0.3963251 0.26867648 9 P 13 0
P 0.3963251 0.21867648 9 P 13 0
P 0.60892352 0.21867648 9 P 13 0
P 0.60892352 0.26867648 9 P 13 0
P 0.60892352 0.31867648 9 P 13 0
P 0.60892352 0.36867648 9 P 13 0
P 0.2491811 0.66923553 5 P 15 0
P 0.2491811 0.61411742 5 P 15 0
P 0.1811811 0.6146378 5 P 15 0
P 0.1811811 0.66975591 5 P 15 0
P 0.1171811 0.66775591 5 P 15 0
P 0.1171811 0.6126378 5 P 15 0
P 0.3161811 0.67075591 5 P 15 0
P 0.3161811 0.6156378 5 P 15 0
P 0.6761811 0.44519685 2 P 16 0
P 0.4236811 0.49269685 2 P 16 0
P 0.6061811 0.18019685 2 P 16 0
P 0.70472441 0.53374016 2 P 16 0
P 0.2936811 0.25624016 2 P 16 0
P 0.2936811 0.19519685 2 P 16 0
P 0.6386811 0.14519685 2 P 16 0
P 0.4061811 0.43019685 2 P 16 0
L 0.60892352 0.44228671 0.60653376 0.44467648 0 P 17 
L 0.60892352 0.36867648 0.60892352 0.44228671 0 P 17 
L 0.44058268 0.53519685 0.42188189 0.53519685 0 P 17 
L 0.4861811 0.53519685 0.44058268 0.53519685 0 P 17 
L 0.4861811 0.70379134 0.4861811 0.53519685 0 P 17 
L 0.45927165 0.76219685 0.45927165 0.73070079 0 P 17 
L 0.45927165 0.73070079 0.4861811 0.70379134 0 P 17 
L 0.62966368 0.44467648 0.60653376 0.44467648 0 P 17 
L 0.79406624 0.44467648 0.62966368 0.44467648 0 P 17 
L 0.88509055 0.53570079 0.79406624 0.44467648 0 P 17 
L 0.88509055 0.56719685 0.88509055 0.53570079 0 P 17 
L 0.45927165 0.76219685 0.45927165 0.8032874 0 P 17 
L 0.48658268 0.83059843 0.59681102 0.83059843 0 P 17 
L 0.45927165 0.8032874 0.48658268 0.83059843 0 P 17 
L 0.5211811 0.90219685 0.5211811 0.83519685 0 P 17 
L 0.42188189 0.51354331 0.42188189 0.53519685 0 P 17 
L 0.4211811 0.51284252 0.42188189 0.51354331 0 P 17 
L 0.4236811 0.49269685 0.4211811 0.51284252 0 P 17 
L 0.59040945 0.76219685 0.59681102 0.75579528 0 P 17 
L 0.53309055 0.76219685 0.59040945 0.76219685 0 P 17 
L 0.7311811 0.7191063 0.8101811 0.7191063 0 P 17 
L 0.63448032 0.70685039 0.63448032 0.68519685 0 P 17 
L 0.64673622 0.7191063 0.63448032 0.70685039 0 P 17 
L 0.7311811 0.7191063 0.64673622 0.7191063 0 P 17 
L 0.63448032 0.71812598 0.59681102 0.75579528 0 P 17 
L 0.63448032 0.68519685 0.63448032 0.71812598 0 P 17 
L 0.53271486 0.67673061 0.53271486 0.44467648 0 P 17 
L 0.63448032 0.68519685 0.5411811 0.68519685 0 P 17 
L 0.5411811 0.68519685 0.53271486 0.67673061 0 P 17 
L 0.41502589 0.21867648 0.3963251 0.21867648 0 P 17 
L 0.5386811 0.22019685 0.41502589 0.21867648 0 P 17 
L 0.5361811 0.40519685 0.5386811 0.22019685 0 P 17 
L 0.53271486 0.44467648 0.53271486 0.41318041 0 P 17 
L 0.53271486 0.41318041 0.5361811 0.40519685 0 P 17 
L 0.10262431 0.40058593 0.10162431 0.39958593 0 P 17 
L 0.10262431 0.47076703 0.10262431 0.40058593 0 P 17 
L 0.63448032 0.58519685 0.63448032 0.53519685 0 P 17 
L 0.2501811 0.86119685 0.2611811 0.87219685 0 P 17 
L 0.2501811 0.8041063 0.2501811 0.86119685 0 P 17 
L 0.1811811 0.79019685 0.2501811 0.8041063 0 P 17 
L 0.13352067 0.74519685 0.1811811 0.79019685 0 P 17 
L 0.08379744 0.69547362 0.13352067 0.74519685 0 P 17 
L 0.08379754 0.62239931 0.08379744 0.69547362 0 P 17 
L 0.1171811 0.6126378 0.09355906 0.6126378 0 P 17 
L 0.09355906 0.6126378 0.08379754 0.62239931 0 P 17 
L 0.10162431 0.29084419 0.14327165 0.24919685 0 P 17 
L 0.10162431 0.32576703 0.10162431 0.29084419 0 P 17 
L 0.58613317 0.21867648 0.60892352 0.21867648 0 P 17 
L 0.5041811 0.13672441 0.58613317 0.21867648 0 P 17 
L 0.5041811 0.10719685 0.5041811 0.13672441 0 P 17 
L 0.08362205 0.6126378 0.09355906 0.6126378 0 P 17 
L 0.0461811 0.59019685 0.08362205 0.6126378 0 P 17 
L 0.0461811 0.40019685 0.0461811 0.59019685 0 P 17 
L 0.10162431 0.32576703 0.07012825 0.32576703 0 P 17 
L 0.07012825 0.32576703 0.0461811 0.40019685 0 P 17 
L 0.60892352 0.19702293 0.6061811 0.19428051 0 P 17 
L 0.60892352 0.21867648 0.60892352 0.19702293 0 P 17 
L 0.6061811 0.19428051 0.6061811 0.18019685 0 P 17 
L 0.63593701 0.53374016 0.63448032 0.53519685 0 P 17 
L 0.70472441 0.53374016 0.63593701 0.53374016 0 P 17 
L 0.25167362 0.10929882 0.14327165 0.21770079 0 P 17 
L 0.2861811 0.09019685 0.25167362 0.10929882 0 P 17 
L 0.5041811 0.10719685 0.5041811 0.07766929 0 P 17 
L 0.5041811 0.07766929 0.5061811 0.07566929 0 P 17 
L 0.5061811 0.07566929 0.5011811 0.03769685 0 P 17 
L 0.14327165 0.21770079 0.14327165 0.24919685 0 P 17 
L 0.5011811 0.03769685 0.4461811 0.03769685 0 P 17 
L 0.4461811 0.03769685 0.34195059 0.05731132 0 P 17 
L 0.34195059 0.05731132 0.2861811 0.09019685 0 P 17 
L 0.7311811 0.6452874 0.8101811 0.6452874 0 P 17 
L 0.8101811 0.5682874 0.81127165 0.56719685 0 P 17 
L 0.8101811 0.6452874 0.8101811 0.5682874 0 P 17 
L 0.72109055 0.63519685 0.7311811 0.6452874 0 P 17 
L 0.63448032 0.63519685 0.72109055 0.63519685 0 P 17 
L 0.34861093 0.47476703 0.30062431 0.47476703 0 P 17 
L 0.3561811 0.47519685 0.34861093 0.47476703 0 P 17 
L 0.3571811 0.56085039 0.3561811 0.47519685 0 P 17 
L 0.42188189 0.58519685 0.38152756 0.58519685 0 P 17 
L 0.38152756 0.58519685 0.3571811 0.56085039 0 P 17 
L 0.20462431 0.40549537 0.20262431 0.40349537 0 P 17 
L 0.20462431 0.46976703 0.20462431 0.40549537 0 P 17 
L 0.20962431 0.47476703 0.20462431 0.46976703 0 P 17 
L 0.30062431 0.47476703 0.20962431 0.47476703 0 P 17 
L 0.20262431 0.26366309 0.21709055 0.24919685 0 P 17 
L 0.20262431 0.32967648 0.20262431 0.26366309 0 P 17 
L 0.2536811 0.22769685 0.21709055 0.24919685 0 P 17 
L 0.3436811 0.22769685 0.2536811 0.22769685 0 P 17 
L 0.3511811 0.25269685 0.3436811 0.22769685 0 P 17 
L 0.3963251 0.26867648 0.3511811 0.27019685 0 P 17 
L 0.3511811 0.27019685 0.3511811 0.25269685 0 P 17 
L 0.42309055 0.09269685 0.37559055 0.14019685 0 P 17 
L 0.4361811 0.09269685 0.42309055 0.09269685 0 P 17 
L 0.3001811 0.27315748 0.2936811 0.26665748 0 P 17 
L 0.3001811 0.2962874 0.3001811 0.27315748 0 P 17 
L 0.2936811 0.26665748 0.2936811 0.25624016 0 P 17 
L 0.2936811 0.1482874 0.30177165 0.14019685 0 P 17 
L 0.2936811 0.19519685 0.2936811 0.1482874 0 P 17 
L 0.83953376 0.25575364 0.84809055 0.24719685 0 P 17 
L 0.83953376 0.33767648 0.83953376 0.25575364 0 P 17 
L 0.7161811 0.09519685 0.5811811 0.09269685 0 P 17 
L 0.7736811 0.13769685 0.7161811 0.09519685 0 P 17 
L 0.7736811 0.21511024 0.7736811 0.13769685 0 P 17 
L 0.77427165 0.24719685 0.77427165 0.21570079 0 P 17 
L 0.77427165 0.21570079 0.7736811 0.21511024 0 P 17 
L 0.1791811 0.66775591 0.1811811 0.66975591 0 P 17 
L 0.1171811 0.66775591 0.1791811 0.66775591 0 P 17 
L 0.3311811 0.86219685 0.3411811 0.87219685 0 P 17 
L 0.3311811 0.8041063 0.3311811 0.86219685 0 P 17 
L 0.67555118 0.85535433 0.67555118 0.8187874 0 P 17 
L 0.62870866 0.90219685 0.67555118 0.85535433 0 P 17 
L 0.67555118 0.8187874 0.67555118 0.79319685 0 P 17 
L 0.5991811 0.90219685 0.62870866 0.90219685 0 P 17 
L 0.6936811 0.2171063 0.6936811 0.2757874 0 P 17 
L 0.61603445 0.2757874 0.60892352 0.26867648 0 P 17 
L 0.6936811 0.2757874 0.61603445 0.2757874 0 P 17 
L 0.38152756 0.63519685 0.36052756 0.61419685 0 P 17 
L 0.42188189 0.63519685 0.38152756 0.63519685 0 P 17 
L 0.35908661 0.6156378 0.3161811 0.6156378 0 P 17 
L 0.36052756 0.61419685 0.35908661 0.6156378 0 P 17 
L 0.30062431 0.600081 0.3161811 0.6156378 0 P 17 
L 0.30062431 0.54858593 0.30062431 0.600081 0 P 17 
L 0.25070148 0.6156378 0.2491811 0.61411742 0 P 17 
L 0.3161811 0.6156378 0.25070148 0.6156378 0 P 17 
L 0.18170148 0.61411742 0.1811811 0.6146378 0 P 17 
L 0.2491811 0.61411742 0.18170148 0.61411742 0 P 17 
L 0.1811811 0.56702913 0.20462431 0.54358593 0 P 17 
L 0.1811811 0.6146378 0.1811811 0.56702913 0 P 17 
L 0.20362431 0.54458593 0.20462431 0.54358593 0 P 17 
L 0.10262431 0.54458593 0.20362431 0.54458593 0 P 17 
L 0.37627165 0.68519685 0.3311811 0.7302874 0 P 17 
L 0.42188189 0.68519685 0.37627165 0.68519685 0 P 17 
L 0.3161811 0.7152874 0.3311811 0.7302874 0 P 17 
L 0.3161811 0.67075591 0.3161811 0.7152874 0 P 17 
L 0.2491811 0.7292874 0.2501811 0.7302874 0 P 17 
L 0.2491811 0.66923553 0.2491811 0.7292874 0 P 17 
L 0.25070148 0.67075591 0.2491811 0.66923553 0 P 17 
L 0.3161811 0.67075591 0.25070148 0.67075591 0 P 17 
L 0.3963251 0.36867648 0.3963251 0.31867648 0 P 17 
L 0.30161093 0.36867648 0.3001811 0.3701063 0 P 17 
L 0.3963251 0.36867648 0.30161093 0.36867648 0 P 17 
L 0.4061811 0.37853248 0.3963251 0.36867648 0 P 17 
L 0.4061811 0.43019685 0.4061811 0.37853248 0 P 17 
L 0.6925 0.14519685 0.6936811 0.14637795 0 P 17 
L 0.6386811 0.14519685 0.6925 0.14519685 0 P 17 
L 0.62183297 0.33158593 0.60892352 0.31867648 0 P 17 
L 0.69562431 0.33158593 0.62183297 0.33158593 0 P 17 
L 0.70171486 0.33767648 0.69562431 0.33158593 0 P 17 
L 0.76571486 0.33767648 0.70171486 0.33767648 0 P 17 
P 0.3411811 0.87219685 4 P 0 0
P 0.5211811 0.90219685 4 P 0 0
P 0.2611811 0.87219685 4 P 0 0
P 0.4361811 0.09269685 4 P 0 0
P 0.5991811 0.90219685 4 P 0 0
P 0.5086811 0.09269685 4 P 0 0
P 0.5811811 0.09269685 4 P 0 0
A 0.97637795 0.48818898 0.97637795 0.48818898 0.48818898 0.48818898 1 N 10 N
