#
#Feature symbol names
#
$0 r5.906

#
#Feature attribute names
#
@0 .pattern_fill

#
#Layer features
#
A 0.27559055 0.76377953 0.76377953 1.2519685 0.76377953 0.76377953 0 P 1 Y;0
A 0.76377953 1.2519685 1.2519685 0.76377953 0.76377953 0.76377953 0 P 1 Y;0
A 1.2519685 0.76377953 0.76377953 0.27559055 0.76377953 0.76377953 0 P 1 Y;0
A 0.76377953 0.27559055 0.27559055 0.76377953 0.76377953 0.76377953 0 P 1 Y;0
A 0.27559055 1.81889764 0.76377953 2.30708661 0.76377953 1.81889764 0 P 1 Y;0
A 0.76377953 2.30708661 1.2519685 1.81889764 0.76377953 1.81889764 0 P 1 Y;0
A 1.2519685 1.81889764 0.76377953 1.33070866 0.76377953 1.81889764 0 P 1 Y;0
A 0.76377953 1.33070866 0.27559055 1.81889764 0.76377953 1.81889764 0 P 1 Y;0
A 0.27559055 2.87401575 0.76377953 3.36220472 0.76377953 2.87401575 0 P 1 Y;0
A 0.76377953 3.36220472 1.2519685 2.87401575 0.76377953 2.87401575 0 P 1 Y;0
A 1.2519685 2.87401575 0.76377953 2.38582677 0.76377953 2.87401575 0 P 1 Y;0
A 0.76377953 2.38582677 0.27559055 2.87401575 0.76377953 2.87401575 0 P 1 Y;0
A 1.33070866 0.76377953 1.81889764 1.2519685 1.81889764 0.76377953 0 P 1 Y;0
A 1.81889764 1.2519685 2.30708661 0.76377953 1.81889764 0.76377953 0 P 1 Y;0
A 2.30708661 0.76377953 1.81889764 0.27559055 1.81889764 0.76377953 0 P 1 Y;0
A 1.81889764 0.27559055 1.33070866 0.76377953 1.81889764 0.76377953 0 P 1 Y;0
A 1.33070866 1.81889764 1.81889764 2.30708661 1.81889764 1.81889764 0 P 1 Y;0
A 1.81889764 2.30708661 2.30708661 1.81889764 1.81889764 1.81889764 0 P 1 Y;0
A 2.30708661 1.81889764 1.81889764 1.33070866 1.81889764 1.81889764 0 P 1 Y;0
A 1.81889764 1.33070866 1.33070866 1.81889764 1.81889764 1.81889764 0 P 1 Y;0
A 1.33070866 2.87401575 1.81889764 3.36220472 1.81889764 2.87401575 0 P 1 Y;0
A 1.81889764 3.36220472 2.30708661 2.87401575 1.81889764 2.87401575 0 P 1 Y;0
A 2.30708661 2.87401575 1.81889764 2.38582677 1.81889764 2.87401575 0 P 1 Y;0
A 1.81889764 2.38582677 1.33070866 2.87401575 1.81889764 2.87401575 0 P 1 Y;0
L 0 0.03937008 0 3.5984252 0 P 1 ;0
A 0 3.5984252 0.03937008 3.63779528 0.03937008 3.5984252 0 P 1 Y;0
L 0.03937008 3.63779528 2.54330709 3.63779528 0 P 1 ;0
A 2.54330709 3.63779528 2.58267717 3.5984252 2.54330709 3.5984252 0 P 1 Y;0
L 2.58267717 3.5984252 2.58267717 0.03937008 0 P 1 ;0
A 2.58267717 0.03937008 2.54330709 0 2.54330709 0.03937008 0 P 1 Y;0
L 2.54330709 0 0.03937008 0 0 P 1 ;0
A 0.03937008 0 0 0.03937008 0.03937008 0.03937008 0 P 1 Y;0
A 0.28332785 1.06473593 0.28340433 0.46270138 0.76377963 0.76377972 0 P 1 N;0
A 0.28340433 0.46270138 0.35017569 0.50443346 0.31669173 0.4837247 0 P 1 N;0
A 0.35017569 0.50443346 0.50438868 0.35020384 0.76377943 0.76377963 0 P 1 N;0
A 0.50438868 0.35020384 0.46270669 0.28340089 0.4837247 0.31669193 0 P 1 N;0
A 0.46270669 0.28340089 1.06475965 0.2833438 0.76377874 0.76377963 0 P 1 N;0
A 1.06475965 0.2833438 1.02313169 0.35018081 1.04383386 0.31669262 0 P 1 N;0
A 1.02313169 0.35018081 1.17738051 0.50442697 0.76378287 0.76378287 0 P 1 N;0
A 1.17738051 0.50442697 1.24422362 0.46281083 1.21086732 0.48372372 0 P 1 N;0
A 1.24422362 0.46281083 1.25707746 0.48437697 0.76377913 0.76377874 0 P 1 N;0
A 1.25707746 0.48437697 1.32561358 0.48435246 1.29133858 0.46497156 0 P 1 Y;0
A 1.32561358 0.48435246 1.33847559 0.46277559 1.81889843 0.76377835 0 P 1 N;0
A 1.33847559 0.46277559 1.4052938 0.50443346 1.37180974 0.4837247 0 P 1 N;0
A 1.4052938 0.50443346 1.55950679 0.35020384 1.81889754 0.76377963 0 P 1 N;0
A 1.55950679 0.35020384 1.51792982 0.28333484 1.53884282 0.31669193 0 P 1 N;0
A 1.51792982 0.28333484 2.11987776 0.2833438 1.81889665 0.76377943 0 P 1 N;0
A 2.11987776 0.2833438 2.0782498 0.35018081 2.09895197 0.31669262 0 P 1 N;0
A 2.0782498 0.35018081 2.23249862 0.50442697 1.81890098 0.76378287 0 P 1 N;0
A 2.23249862 0.50442697 2.29934419 0.46281447 2.26598543 0.48372362 0 P 1 N;0
A 2.29934419 0.46281447 2.29933278 1.06476024 1.81889774 0.76377825 0 P 1 N;0
A 2.29933278 1.06476024 2.23248504 1.02315325 2.26598474 1.04383494 0 P 1 N;0
A 2.23248504 1.02315325 2.07827224 1.17736535 1.81889902 0.76377815 0 P 1 N;0
A 2.07827224 1.17736535 2.11986063 1.24422717 2.09895315 1.21086673 0 P 1 N;0
A 2.11986063 1.24422717 2.0983002 1.25707746 1.81889783 0.76377933 0 P 1 N;0
A 2.0983002 1.25707746 2.0983002 1.3255997 2.11770561 1.29133858 0 P 1 Y;0
A 2.0983002 1.3255997 2.11987776 1.33846191 1.81887835 1.81888642 0 P 1 N;0
A 2.11987776 1.33846191 2.0782498 1.40529892 2.09895197 1.37181073 0 P 1 N;0
A 2.0782498 1.40529892 2.23249862 1.55954508 1.81890098 1.81890098 0 P 1 N;0
A 2.23249862 1.55954508 2.29930886 1.51787677 2.26598533 1.53884183 0 P 1 N;0
A 2.29930886 1.51787677 2.29933278 2.11987835 1.81889724 1.81889665 0 P 1 N;0
A 2.29933278 2.11987835 2.23248504 2.07827136 2.26598474 2.09895305 0 P 1 N;0
A 2.23248504 2.07827136 2.07827224 2.23248346 1.81889902 1.81889626 0 P 1 N;0
A 2.07827224 2.23248346 2.11986083 2.29934518 2.09895315 2.26598484 0 P 1 N;0
A 2.11986083 2.29934518 2.0983002 2.31219557 1.81889813 1.81889705 0 P 1 N;0
A 2.0983002 2.31219557 2.0983002 2.38071782 2.11770561 2.34645669 0 P 1 Y;0
A 2.0983002 2.38071782 2.11987776 2.39358002 1.81887854 2.87400423 0 P 1 N;0
A 2.11987776 2.39358002 2.0782498 2.46041703 2.09895197 2.42692884 0 P 1 N;0
A 2.0782498 2.46041703 2.23249862 2.61466319 1.81890098 2.87401909 0 P 1 N;0
A 2.23249862 2.61466319 2.29929272 2.57296929 2.26598533 2.59395994 0 P 1 N;0
A 2.29929272 2.57296929 2.29933278 3.17499646 1.81889734 2.87401486 0 P 1 N;0
A 2.29933278 3.17499646 2.23248504 3.13338947 2.26598474 3.15407116 0 P 1 N;0
A 2.23248504 3.13338947 2.07827224 3.28760157 1.81889902 2.87401437 0 P 1 N;0
A 2.07827224 3.28760157 2.11986506 3.35446004 2.09895295 3.32110276 0 P 1 N;0
A 2.11986506 3.35446004 1.51785177 3.35441122 1.81889734 2.87401545 0 P 1 N;0
A 1.51785177 3.35441122 1.55954508 3.28761673 1.53884183 3.32110344 0 P 1 N;0
A 1.55954508 3.28761673 1.40529134 3.13335591 1.81890098 2.87401909 0 P 1 N;0
A 1.40529134 3.13335591 1.33844567 3.17497175 1.37181024 3.15407028 0 P 1 N;0
A 1.33844567 3.17497175 1.3255997 3.15341831 1.81889724 2.87401526 0 P 1 N;0
A 1.3255997 3.15341831 1.25706358 3.15344272 1.29133858 3.17282372 0 P 1 Y;0
A 1.25706358 3.15344272 1.24421467 3.17499646 0.76379262 2.8739938 0 P 1 N;0
A 1.24421467 3.17499646 1.17736693 3.13338947 1.21086663 3.15407116 0 P 1 N;0
A 1.17736693 3.13338947 1.02315413 3.28760157 0.76378091 2.87401437 0 P 1 N;0
A 1.02315413 3.28760157 1.06474242 3.35446348 1.04383504 3.32110295 0 P 1 N;0
A 1.06474242 3.35446348 0.46280659 3.35445709 0.76377963 2.87401585 0 P 1 N;0
A 0.46280659 3.35445709 0.50442697 3.28761673 0.48372372 3.32110344 0 P 1 N;0
A 0.50442697 3.28761673 0.35017323 3.13335591 0.76378287 2.87401909 0 P 1 N;0
A 0.35017323 3.13335591 0.28333868 3.1749877 0.31669262 3.15407008 0 P 1 N;0
A 0.28333868 3.1749877 0.28334291 2.57303504 0.76377943 2.87401476 0 P 1 N;0
A 0.28334291 2.57303504 0.35017569 2.61466969 0.31669173 2.59396093 0 P 1 N;0
A 0.35017569 2.61466969 0.50438868 2.46044006 0.76377943 2.87401585 0 P 1 N;0
A 0.50438868 2.46044006 0.46277726 2.39359272 0.4837247 2.42692815 0 P 1 N;0
A 0.46277726 2.39359272 0.48437697 2.38071782 0.76377933 2.87401585 0 P 1 N;0
A 0.48437697 2.38071782 0.48437697 2.31219557 0.46497156 2.34645669 0 P 1 Y;0
A 0.48437697 2.31219557 0.46280659 2.29933898 0.76378061 1.81889803 0 P 1 N;0
A 0.46280659 2.29933898 0.50442697 2.23249862 0.48372372 2.26598533 0 P 1 N;0
A 0.50442697 2.23249862 0.35017323 2.0782378 0.76378287 1.81890098 0 P 1 N;0
A 0.35017323 2.0782378 0.28332825 2.11985463 0.31669222 2.09895217 0 P 1 N;0
A 0.28332825 2.11985463 0.28339449 1.51783494 0.76377992 1.81889764 0 P 1 N;0
A 0.28339449 1.51783494 0.35017569 1.55955157 0.31669163 1.53884282 0 P 1 N;0
A 0.35017569 1.55955157 0.50438868 1.40532195 0.76377943 1.81889774 0 P 1 N;0
A 0.50438868 1.40532195 0.46276575 1.33848179 0.4837247 1.37181004 0 P 1 N;0
A 0.46276575 1.33848179 0.48437697 1.3255997 0.76377894 1.81889823 0 P 1 N;0
A 0.48437697 1.3255997 0.48437697 1.25707746 0.46497156 1.29133858 0 P 1 Y;0
A 0.48437697 1.25707746 0.46280659 1.24422087 0.76378041 0.76378012 0 P 1 N;0
A 0.46280659 1.24422087 0.50442697 1.17738051 0.48372372 1.21086722 0 P 1 N;0
A 0.50442697 1.17738051 0.35017323 1.02311969 0.76378287 0.76378287 0 P 1 N;0
A 0.35017323 1.02311969 0.28332785 1.06473593 0.31669222 1.04383406 0 P 1 N;0
A 1.4052938 1.55955157 1.55950679 1.40532195 1.81889754 1.81889774 0 P 1 N;0
L 1.55950679 1.40532195 1.5595063 1.40532116 0 P 1 ;0
A 1.5595063 1.40532116 1.51789213 1.33847657 1.53884262 1.37180965 0 P 1 N;0
A 1.51789213 1.33847657 1.53949508 1.3255997 1.81889636 1.81889843 0 P 1 N;0
A 1.53949508 1.3255997 1.53949508 1.25707746 1.52008967 1.29133858 0 P 1 Y;0
A 1.53949508 1.25707746 1.51792461 1.24422077 1.81889921 0.76378041 0 P 1 N;0
A 1.51792461 1.24422077 1.55954469 1.1773811 1.53884163 1.21086752 0 P 1 N;0
L 1.55954469 1.1773811 1.55954508 1.17738051 0 P 1 ;0
A 1.55954508 1.17738051 1.40529144 1.02311969 1.81890108 0.76378297 0 P 1 N;0
L 1.40529144 1.02311969 1.40529085 1.02312008 0 P 1 ;0
A 1.40529085 1.02312008 1.33844547 1.06473543 1.37181004 1.04383435 0 P 1 N;0
A 1.33844547 1.06473543 1.3255997 1.04318209 1.81889872 0.7637812 0 P 1 N;0
A 1.3255997 1.04318209 1.25707746 1.04318209 1.29133858 1.0625875 0 P 1 Y;0
A 1.25707746 1.04318209 1.24421457 1.06476033 0.76379341 0.7637561 0 P 1 N;0
A 1.24421457 1.06476033 1.17736693 1.02315335 1.21086663 1.04383494 0 P 1 N;0
L 1.17736693 1.02315335 1.17736624 1.02315285 0 P 1 ;0
A 1.17736624 1.02315285 1.02315413 1.17736535 0.76377963 0.76377943 0 P 1 N;0
L 1.02315413 1.17736535 1.02315463 1.17736604 0 P 1 ;0
A 1.02315463 1.17736604 1.06474262 1.24422717 1.04383524 1.21086713 0 P 1 N;0
A 1.06474262 1.24422717 1.04318209 1.25707746 0.76378081 0.76377874 0 P 1 N;0
A 1.04318209 1.25707746 1.04318209 1.3255997 1.0625875 1.29133858 0 P 1 Y;0
A 1.04318209 1.3255997 1.06475974 1.33846201 0.76375974 1.81888593 0 P 1 N;0
A 1.06475974 1.33846201 1.02313209 1.40529833 1.04383406 1.37181043 0 P 1 N;0
L 1.02313209 1.40529833 1.02313169 1.40529892 0 P 1 ;0
A 1.02313169 1.40529892 1.17738051 1.55954508 0.76378287 1.81890098 0 P 1 N;0
L 1.17738051 1.55954508 1.1773811 1.55954469 0 P 1 ;0
A 1.1773811 1.55954469 1.24422264 1.51792746 1.21086762 1.53884163 0 P 1 N;0
A 1.24422264 1.51792746 1.25707746 1.53949518 0.76377904 1.81889695 0 P 1 N;0
A 1.25707746 1.53949518 1.3255997 1.53949508 1.29133858 1.52008967 0 P 1 Y;0
A 1.3255997 1.53949508 1.33848297 1.51788189 1.81889852 1.81889606 0 P 1 N;0
A 1.33848297 1.51788189 1.40529321 1.55955118 1.37180945 1.53884262 0 P 1 N;0
L 1.40529321 1.55955118 1.4052938 1.55955157 0 P 1 ;0
A 1.4052938 2.61466969 1.55950679 2.46044006 1.81889754 2.87401585 0 P 1 N;0
L 1.55950679 2.46044006 1.5595063 2.46043927 0 P 1 ;0
A 1.5595063 2.46043927 1.51789213 2.39359469 1.53884262 2.42692776 0 P 1 N;0
A 1.51789213 2.39359469 1.53949508 2.38071782 1.81889636 2.87401654 0 P 1 N;0
A 1.53949508 2.38071782 1.53949508 2.31219557 1.52008967 2.34645669 0 P 1 Y;0
A 1.53949508 2.31219557 1.51792461 2.29933888 1.81889921 1.81889852 0 P 1 N;0
A 1.51792461 2.29933888 1.55954469 2.23249921 1.53884163 2.26598563 0 P 1 N;0
L 1.55954469 2.23249921 1.55954508 2.23249862 0 P 1 ;0
A 1.55954508 2.23249862 1.40529144 2.0782378 1.81890108 1.81890108 0 P 1 N;0
L 1.40529144 2.0782378 1.40529085 2.07823819 0 P 1 ;0
A 1.40529085 2.07823819 1.33844547 2.11985354 1.37181004 2.09895246 0 P 1 N;0
A 1.33844547 2.11985354 1.3255997 2.0983002 1.81889872 1.81889931 0 P 1 N;0
A 1.3255997 2.0983002 1.25707746 2.0983002 1.29133858 2.11770561 0 P 1 Y;0
A 1.25707746 2.0983002 1.24421457 2.11987844 0.76379341 1.81887421 0 P 1 N;0
A 1.24421457 2.11987844 1.17736693 2.07827146 1.21086663 2.09895305 0 P 1 N;0
L 1.17736693 2.07827146 1.17736624 2.07827096 0 P 1 ;0
A 1.17736624 2.07827096 1.02315413 2.23248346 0.76377963 1.81889754 0 P 1 N;0
L 1.02315413 2.23248346 1.02315463 2.23248415 0 P 1 ;0
A 1.02315463 2.23248415 1.06474262 2.29934528 1.04383524 2.26598524 0 P 1 N;0
A 1.06474262 2.29934528 1.04318209 2.31219557 0.76378081 1.81889685 0 P 1 N;0
A 1.04318209 2.31219557 1.04318209 2.38071782 1.0625875 2.34645669 0 P 1 Y;0
A 1.04318209 2.38071782 1.06475974 2.39358012 0.76375974 2.87400404 0 P 1 N;0
A 1.06475974 2.39358012 1.02313209 2.46041644 1.04383406 2.42692854 0 P 1 N;0
L 1.02313209 2.46041644 1.02313169 2.46041703 0 P 1 ;0
A 1.02313169 2.46041703 1.17738051 2.61466319 0.76378287 2.87401909 0 P 1 N;0
L 1.17738051 2.61466319 1.1773811 2.6146628 0 P 1 ;0
A 1.1773811 2.6146628 1.24422264 2.57304557 1.21086762 2.59395974 0 P 1 N;0
A 1.24422264 2.57304557 1.25707746 2.59461329 0.76377904 2.87401506 0 P 1 N;0
A 1.25707746 2.59461329 1.3255997 2.59461319 1.29133858 2.57520778 0 P 1 Y;0
A 1.3255997 2.59461319 1.33848297 2.573 1.81889852 2.87401417 0 P 1 N;0
A 1.33848297 2.573 1.40529321 2.61466929 1.37180945 2.59396073 0 P 1 N;0
L 1.40529321 2.61466929 1.4052938 2.61466969 0 P 1 ;0
