#
#Feature symbol names
#
$0 r5.906
$1 r5.945
$2 r14.173
$3 r52.953
$4 rect42.126x38.189
$5 rect50x46.063
$6 rect52.953x69.685xr9.606
$7 rect57.087x57.087xr2.559
$8 rect69.685x52.953xr9.606
$9 rect75.591x38.189

#
#Feature attribute names
#
@0 .nomenclature
@1 .smd

#
#Layer features
#
L 0.57980453 0.41672372 0.55944409 0.41672372 1 P 10 
L 0.57980453 0.47262923 0.55944409 0.47262923 1 P 10 
L 0.12957707 0.37285669 0.12957707 0.35249626 1 P 10 
L 0.07367156 0.37285669 0.07367156 0.35249626 1 P 10 
L 0.75913386 0.67201663 0.75913386 0.69237707 1 P 10 
L 0.70322835 0.67201663 0.70322835 0.69237707 1 P 10 
L 0.32857707 0.52185669 0.32857707 0.50149626 1 P 10 
L 0.27267156 0.52185669 0.27267156 0.50149626 1 P 10 
L 0.17467156 0.37676614 0.17467156 0.35640571 1 P 10 
L 0.23057707 0.37676614 0.23057707 0.35640571 1 P 10 
L 0.48600089 0.73424409 0.50636132 0.73424409 1 P 10 
L 0.48600089 0.79014961 0.50636132 0.79014961 1 P 10 
L 0.34886132 0.11224409 0.32850089 0.11224409 1 P 10 
L 0.34886132 0.16814961 0.32850089 0.16814961 1 P 10 
L 0.80100089 0.21924409 0.82136132 0.21924409 1 P 10 
L 0.80100089 0.27514961 0.82136132 0.27514961 1 P 10 
L 0.35913386 0.75701663 0.35913386 0.77737707 1 P 10 
L 0.30322835 0.75701663 0.30322835 0.77737707 1 P 10 
L 0.22222835 0.77737707 0.22222835 0.75701663 1 P 10 
L 0.27813386 0.77737707 0.27813386 0.75701663 1 P 10 
L 0.85836132 0.53924409 0.83800089 0.53924409 1 P 10 
L 0.85836132 0.59514961 0.83800089 0.59514961 1 P 10 
L 0.83813386 0.67201663 0.83813386 0.69237707 1 P 10 
L 0.78222835 0.67201663 0.78222835 0.69237707 1 P 10 
L 0.07467156 0.49749626 0.07467156 0.51785669 1 P 10 
L 0.13057707 0.49749626 0.13057707 0.51785669 1 P 10 
L 0.17667156 0.49649626 0.17667156 0.51685669 1 P 10 
L 0.23257707 0.49649626 0.23257707 0.51685669 1 P 10 
L 0.17000089 0.22124409 0.19036132 0.22124409 1 P 10 
L 0.17000089 0.27714961 0.19036132 0.27714961 1 P 10 
L 0.72163386 0.19037707 0.72163386 0.17001663 1 P 10 
L 0.66572835 0.19037707 0.66572835 0.17001663 1 P 10 
L 0.66572835 0.32287707 0.66572835 0.30251663 1 P 10 
L 0.72163386 0.32287707 0.72163386 0.30251663 1 P 10 
L 0.27222835 0.32301663 0.27222835 0.34337707 1 P 10 
L 0.32813386 0.32301663 0.32813386 0.34337707 1 P 10 
L 0.81280453 0.30972372 0.79244409 0.30972372 1 P 10 
L 0.81280453 0.36562923 0.79244409 0.36562923 1 P 10 
L 0.60987402 0.5107874 0.66499213 0.5107874 0 P 11 
L 0.60987402 0.7115748 0.44648819 0.7115748 0 P 11 
L 0.60987402 0.5088189 0.44648819 0.5088189 0 P 11 
L 0.60987402 0.7115748 0.60987402 0.70586614 0 P 11 
L 0.44648819 0.7115748 0.44648819 0.70586614 0 P 11 
L 0.44648819 0.5088189 0.44648819 0.51452756 0 P 11 
L 0.60987402 0.5088189 0.60987402 0.5107874 0 P 11 
L 0.4209314 0.39505443 0.4209314 0.39308593 0 P 11 
L 0.58431722 0.39505443 0.58431722 0.38934577 0 P 11 
L 0.58431722 0.19229852 0.58431722 0.19800719 0 P 11 
L 0.4209314 0.19229852 0.4209314 0.19800719 0 P 11 
L 0.4209314 0.39505443 0.58431722 0.39505443 0 P 11 
L 0.4209314 0.19229852 0.58431722 0.19229852 0 P 11 
L 0.4209314 0.39308593 0.36581329 0.39308593 0 P 11 
L 0.15614173 0.5827185 0.20622047 0.5827185 1 P 10 
L 0.15614173 0.68395866 0.15614173 0.5827185 1 P 10 
L 0.20622047 0.68395866 0.20622047 0.5827185 1 P 10 
L 0.09214173 0.5807185 0.14222047 0.5807185 1 P 10 
L 0.09214173 0.68195866 0.09214173 0.5807185 1 P 10 
L 0.14222047 0.68195866 0.14222047 0.5807185 1 P 10 
L 0.29114173 0.5837185 0.34122047 0.5837185 1 P 10 
L 0.29114173 0.68495866 0.29114173 0.5837185 1 P 10 
L 0.34122047 0.68495866 0.34122047 0.5837185 1 P 10 
L 0.22414173 0.59991467 0.22414173 0.70115482 1 P 10 
L 0.27422047 0.59991467 0.27422047 0.70115482 1 P 10 
L 0.27422047 0.70115482 0.22414173 0.70115482 1 P 10 
L 0.30866142 0.90471654 0.37370079 0.90471654 1 P 10 
L 0.30866142 0.83967717 0.30866142 0.90471654 1 P 10 
L 0.37370079 0.83967717 0.30866142 0.83967717 1 P 10 
L 0.37370079 0.90471654 0.37370079 0.83967717 1 P 10 
L 0.22866142 0.90471654 0.29370079 0.90471654 1 P 10 
L 0.22866142 0.83967717 0.22866142 0.90471654 1 P 10 
L 0.29370079 0.83967717 0.22866142 0.83967717 1 P 10 
L 0.29370079 0.90471654 0.29370079 0.83967717 1 P 10 
L 0.48866142 0.93471654 0.55370079 0.93471654 1 P 10 
L 0.48866142 0.86967717 0.48866142 0.93471654 1 P 10 
L 0.55370079 0.86967717 0.48866142 0.86967717 1 P 10 
L 0.55370079 0.93471654 0.55370079 0.86967717 1 P 10 
L 0.56666142 0.93471654 0.63170079 0.93471654 1 P 10 
L 0.56666142 0.86967717 0.56666142 0.93471654 1 P 10 
L 0.63170079 0.86967717 0.56666142 0.86967717 1 P 10 
L 0.63170079 0.93471654 0.63170079 0.86967717 1 P 10 
L 0.40366142 0.12521654 0.46870079 0.12521654 1 P 10 
L 0.40366142 0.06017717 0.40366142 0.12521654 1 P 10 
L 0.46870079 0.06017717 0.40366142 0.06017717 1 P 10 
L 0.46870079 0.12521654 0.46870079 0.06017717 1 P 10 
L 0.54866142 0.12521654 0.61370079 0.12521654 1 P 10 
L 0.54866142 0.06017717 0.54866142 0.12521654 1 P 10 
L 0.61370079 0.06017717 0.54866142 0.06017717 1 P 10 
L 0.61370079 0.12521654 0.61370079 0.06017717 1 P 10 
L 0.47616142 0.12521654 0.54120079 0.12521654 1 P 10 
L 0.47616142 0.06017717 0.47616142 0.12521654 1 P 10 
L 0.54120079 0.06017717 0.47616142 0.06017717 1 P 10 
L 0.54120079 0.12521654 0.54120079 0.06017717 1 P 10 
L 0.66610236 0.72850394 0.66610236 0.76658268 1 P 10 
L 0.66610236 0.85788976 0.66610236 0.81981102 1 P 10 
L 0.66610236 0.85788976 0.58106299 0.85788976 1 P 10 
L 0.66610236 0.72850394 0.60862205 0.72850394 1 P 10 
P 0.60653376 0.44467648 3 N 11 0;1
P 0.53271486 0.44467648 3 N 11 0;1
P 0.10162431 0.39958593 3 N 11 0;1
P 0.10162431 0.32576703 3 N 11 0;1
P 0.7311811 0.7191063 3 N 11 0;1
P 0.7311811 0.6452874 3 N 11 0;1
P 0.30062431 0.54858593 3 N 11 0;1
P 0.30062431 0.47476703 3 N 11 0;1
P 0.20262431 0.32967648 3 N 11 0;1
P 0.20262431 0.40349537 3 N 11 0;1
P 0.53309055 0.76219685 3 N 11 0;1
P 0.45927165 0.76219685 3 N 11 0;1
P 0.37559055 0.14019685 3 N 11 0;1
P 0.30177165 0.14019685 3 N 11 0;1
P 0.84809055 0.24719685 3 N 11 0;1
P 0.77427165 0.24719685 3 N 11 0;1
P 0.3311811 0.8041063 3 N 11 0;1
P 0.3311811 0.7302874 8 N 10 0
P 0.3311811 0.7302874 3 N 11 0;1
P 0.2501811 0.7302874 3 N 11 0;1
P 0.2501811 0.8041063 3 N 11 0;1
P 0.88509055 0.56719685 3 N 11 0;1
P 0.81127165 0.56719685 3 N 11 0;1
P 0.8101811 0.7191063 3 N 11 0;1
P 0.8101811 0.6452874 3 N 11 0;1
P 0.10262431 0.47076703 3 N 11 0;1
P 0.10262431 0.54458593 3 N 11 0;1
P 0.20462431 0.46976703 3 N 11 0;1
P 0.20462431 0.54358593 3 N 11 0;1
P 0.21709055 0.24919685 6 N 10 0
P 0.21709055 0.24919685 3 N 11 0;1
P 0.14327165 0.24919685 3 N 11 0;1
P 0.6936811 0.2171063 3 N 11 0;1
P 0.6936811 0.1432874 3 N 11 0;1
P 0.6936811 0.2757874 3 N 11 0;1
P 0.6936811 0.3496063 3 N 11 0;1
P 0.3001811 0.2962874 3 N 11 0;1
P 0.3001811 0.3701063 3 N 11 0;1
P 0.83953376 0.33767648 3 N 11 0;1
P 0.76571486 0.33767648 3 N 11 0;1
A 0.97637795 0.48818898 0.97637795 0.48818898 0.48818898 0.48818898 2 N 10 N
P 0.60653376 0.44467648 6 N 10 0
P 0.60653376 0.44467648 3 N 0 0
P 0.53271486 0.44467648 6 N 10 0
P 0.53271486 0.44467648 3 N 0 0
P 0.10162431 0.39958593 8 N 10 0
P 0.10162431 0.39958593 3 N 0 0
P 0.10162431 0.32576703 8 N 10 0
P 0.10162431 0.32576703 3 N 0 0
P 0.7311811 0.7191063 8 N 10 0
P 0.7311811 0.7191063 3 N 0 0
P 0.7311811 0.6452874 8 N 10 0
P 0.7311811 0.6452874 3 N 0 0
P 0.30062431 0.54858593 8 N 10 0
P 0.30062431 0.54858593 3 N 0 0
P 0.30062431 0.47476703 8 N 10 0
P 0.30062431 0.47476703 3 N 0 0
P 0.20262431 0.32967648 8 N 10 0
P 0.20262431 0.32967648 3 N 0 0
P 0.20262431 0.40349537 8 N 10 0
P 0.20262431 0.40349537 3 N 0 0
P 0.53309055 0.76219685 6 N 10 0
P 0.53309055 0.76219685 3 N 0 0
P 0.45927165 0.76219685 6 N 10 0
P 0.45927165 0.76219685 3 N 0 0
P 0.37559055 0.14019685 6 N 10 0
P 0.37559055 0.14019685 3 N 0 0
P 0.30177165 0.14019685 6 N 10 0
P 0.30177165 0.14019685 3 N 0 0
P 0.84809055 0.24719685 6 N 10 0
P 0.84809055 0.24719685 3 N 0 0
P 0.77427165 0.24719685 6 N 10 0
P 0.77427165 0.24719685 3 N 0 0
P 0.59681102 0.83059843 5 N 0 0
P 0.59681102 0.75579528 5 N 0 0
P 0.67555118 0.79319685 5 N 0 0
P 0.3311811 0.8041063 8 N 10 0
P 0.3311811 0.8041063 3 N 0 0
P 0.2501811 0.7302874 8 N 10 0
P 0.2501811 0.7302874 3 N 0 0
P 0.2501811 0.8041063 8 N 10 0
P 0.2501811 0.8041063 3 N 0 0
P 0.88509055 0.56719685 6 N 10 0
P 0.88509055 0.56719685 3 N 0 0
P 0.81127165 0.56719685 6 N 10 0
P 0.81127165 0.56719685 3 N 0 0
P 0.8101811 0.7191063 8 N 10 0
P 0.8101811 0.7191063 3 N 0 0
P 0.8101811 0.6452874 8 N 10 0
P 0.8101811 0.6452874 3 N 0 0
P 0.10262431 0.47076703 8 N 10 0
P 0.10262431 0.47076703 3 N 0 0
P 0.10262431 0.54458593 8 N 10 0
P 0.10262431 0.54458593 3 N 0 0
P 0.20462431 0.46976703 8 N 10 0
P 0.20462431 0.46976703 3 N 0 0
P 0.20462431 0.54358593 8 N 10 0
P 0.20462431 0.54358593 3 N 0 0
P 0.14327165 0.24919685 6 N 10 0
P 0.14327165 0.24919685 3 N 0 0
P 0.6936811 0.2171063 8 N 10 0
P 0.6936811 0.2171063 3 N 0 0
P 0.6936811 0.1432874 8 N 10 0
P 0.6936811 0.1432874 3 N 0 0
P 0.6936811 0.2757874 8 N 10 0
P 0.6936811 0.2757874 3 N 0 0
P 0.6936811 0.3496063 8 N 10 0
P 0.6936811 0.3496063 3 N 0 0
P 0.3001811 0.2962874 8 N 10 0
P 0.3001811 0.2962874 3 N 0 0
P 0.3001811 0.3701063 8 N 10 0
P 0.3001811 0.3701063 3 N 0 0
P 0.83953376 0.33767648 6 N 10 0
P 0.83953376 0.33767648 3 N 0 0
P 0.76571486 0.33767648 6 N 10 0
P 0.76571486 0.33767648 3 N 0 0
P 0.42188189 0.53519685 9 N 0 0
P 0.42188189 0.58519685 9 N 0 0
P 0.42188189 0.63519685 9 N 0 0
P 0.42188189 0.68519685 9 N 0 0
P 0.63448032 0.68519685 9 N 0 0
P 0.63448032 0.63519685 9 N 0 0
P 0.63448032 0.58519685 9 N 0 0
P 0.63448032 0.53519685 9 N 0 0
P 0.3963251 0.36867648 9 N 0 0
P 0.3963251 0.31867648 9 N 0 0
P 0.3963251 0.26867648 9 N 0 0
P 0.3963251 0.21867648 9 N 0 0
P 0.60892352 0.21867648 9 N 0 0
P 0.60892352 0.26867648 9 N 0 0
P 0.60892352 0.31867648 9 N 0 0
P 0.60892352 0.36867648 9 N 0 0
P 0.2491811 0.66923553 4 N 0 0
P 0.2491811 0.61411742 4 N 0 0
P 0.1811811 0.6146378 4 N 0 0
P 0.1811811 0.66975591 4 N 0 0
P 0.1171811 0.66775591 4 N 0 0
P 0.1171811 0.6126378 4 N 0 0
P 0.3161811 0.67075591 4 N 0 0
P 0.3161811 0.6156378 4 N 0 0
P 0.3411811 0.87219685 7 N 0 0
P 0.5211811 0.90219685 7 N 0 0
P 0.2611811 0.87219685 7 N 0 0
P 0.4361811 0.09269685 7 N 0 0
P 0.5991811 0.90219685 7 N 0 0
P 0.5086811 0.09269685 7 N 0 0
P 0.5811811 0.09269685 7 N 0 0
