#
#Feature symbol names
#
$0 r5.906
$1 r27.559
$2 r51.181
$3 r86.614

#
#Feature attribute names
#
@0 .pattern_fill

#
#Layer features
#
L 0 0.03937008 0 3.5984252 0 P 0 ;0
A 0 3.5984252 0.03937008 3.63779528 0.03937008 3.5984252 0 P 0 Y;0
L 0.03937008 3.63779528 2.54330709 3.63779528 0 P 0 ;0
A 2.54330709 3.63779528 2.58267717 3.5984252 2.54330709 3.5984252 0 P 0 Y;0
L 2.58267717 3.5984252 2.58267717 0.03937008 0 P 0 ;0
A 2.58267717 0.03937008 2.54330709 0 2.54330709 0.03937008 0 P 0 Y;0
L 2.54330709 0 0.03937008 0 0 P 0 ;0
A 0.03937008 0 0 0.03937008 0.03937008 0.03937008 0 P 0 Y;0
A 0.28332785 1.06473593 0.28340433 0.46270138 0.76377963 0.76377972 0 P 0 N;0
A 0.28340433 0.46270138 0.35017569 0.50443346 0.31669173 0.4837247 0 P 0 N;0
A 0.35017569 0.50443346 0.50438868 0.35020384 0.76377943 0.76377963 0 P 0 N;0
A 0.50438868 0.35020384 0.46270669 0.28340089 0.4837247 0.31669193 0 P 0 N;0
A 0.46270669 0.28340089 1.06475965 0.2833438 0.76377874 0.76377963 0 P 0 N;0
A 1.06475965 0.2833438 1.02313169 0.35018081 1.04383386 0.31669262 0 P 0 N;0
A 1.02313169 0.35018081 1.17738051 0.50442697 0.76378287 0.76378287 0 P 0 N;0
A 1.17738051 0.50442697 1.24422362 0.46281083 1.21086732 0.48372372 0 P 0 N;0
A 1.24422362 0.46281083 1.25707746 0.48437697 0.76377913 0.76377874 0 P 0 N;0
A 1.25707746 0.48437697 1.32561358 0.48435246 1.29133858 0.46497156 0 P 0 Y;0
A 1.32561358 0.48435246 1.33847559 0.46277559 1.81889843 0.76377835 0 P 0 N;0
A 1.33847559 0.46277559 1.4052938 0.50443346 1.37180974 0.4837247 0 P 0 N;0
A 1.4052938 0.50443346 1.55950679 0.35020384 1.81889754 0.76377963 0 P 0 N;0
A 1.55950679 0.35020384 1.51792982 0.28333484 1.53884282 0.31669193 0 P 0 N;0
A 1.51792982 0.28333484 2.11987776 0.2833438 1.81889665 0.76377943 0 P 0 N;0
A 2.11987776 0.2833438 2.0782498 0.35018081 2.09895197 0.31669262 0 P 0 N;0
A 2.0782498 0.35018081 2.23249862 0.50442697 1.81890098 0.76378287 0 P 0 N;0
A 2.23249862 0.50442697 2.29934419 0.46281447 2.26598543 0.48372362 0 P 0 N;0
A 2.29934419 0.46281447 2.29933278 1.06476024 1.81889774 0.76377825 0 P 0 N;0
A 2.29933278 1.06476024 2.23248504 1.02315325 2.26598474 1.04383494 0 P 0 N;0
A 2.23248504 1.02315325 2.07827224 1.17736535 1.81889902 0.76377815 0 P 0 N;0
A 2.07827224 1.17736535 2.11986063 1.24422717 2.09895315 1.21086673 0 P 0 N;0
A 2.11986063 1.24422717 2.0983002 1.25707746 1.81889783 0.76377933 0 P 0 N;0
A 2.0983002 1.25707746 2.0983002 1.3255997 2.11770561 1.29133858 0 P 0 Y;0
A 2.0983002 1.3255997 2.11987776 1.33846191 1.81887835 1.81888642 0 P 0 N;0
A 2.11987776 1.33846191 2.0782498 1.40529892 2.09895197 1.37181073 0 P 0 N;0
A 2.0782498 1.40529892 2.23249862 1.55954508 1.81890098 1.81890098 0 P 0 N;0
A 2.23249862 1.55954508 2.29930886 1.51787677 2.26598533 1.53884183 0 P 0 N;0
A 2.29930886 1.51787677 2.29933278 2.11987835 1.81889724 1.81889665 0 P 0 N;0
A 2.29933278 2.11987835 2.23248504 2.07827136 2.26598474 2.09895305 0 P 0 N;0
A 2.23248504 2.07827136 2.07827224 2.23248346 1.81889902 1.81889626 0 P 0 N;0
A 2.07827224 2.23248346 2.11986083 2.29934518 2.09895315 2.26598484 0 P 0 N;0
A 2.11986083 2.29934518 2.0983002 2.31219557 1.81889813 1.81889705 0 P 0 N;0
A 2.0983002 2.31219557 2.0983002 2.38071782 2.11770561 2.34645669 0 P 0 Y;0
A 2.0983002 2.38071782 2.11987776 2.39358002 1.81887854 2.87400423 0 P 0 N;0
A 2.11987776 2.39358002 2.0782498 2.46041703 2.09895197 2.42692884 0 P 0 N;0
A 2.0782498 2.46041703 2.23249862 2.61466319 1.81890098 2.87401909 0 P 0 N;0
A 2.23249862 2.61466319 2.29929272 2.57296929 2.26598533 2.59395994 0 P 0 N;0
A 2.29929272 2.57296929 2.29933278 3.17499646 1.81889734 2.87401486 0 P 0 N;0
A 2.29933278 3.17499646 2.23248504 3.13338947 2.26598474 3.15407116 0 P 0 N;0
A 2.23248504 3.13338947 2.07827224 3.28760157 1.81889902 2.87401437 0 P 0 N;0
A 2.07827224 3.28760157 2.11986506 3.35446004 2.09895295 3.32110276 0 P 0 N;0
A 2.11986506 3.35446004 1.51785177 3.35441122 1.81889734 2.87401545 0 P 0 N;0
A 1.51785177 3.35441122 1.55954508 3.28761673 1.53884183 3.32110344 0 P 0 N;0
A 1.55954508 3.28761673 1.40529134 3.13335591 1.81890098 2.87401909 0 P 0 N;0
A 1.40529134 3.13335591 1.33844567 3.17497175 1.37181024 3.15407028 0 P 0 N;0
A 1.33844567 3.17497175 1.3255997 3.15341831 1.81889724 2.87401526 0 P 0 N;0
A 1.3255997 3.15341831 1.25706358 3.15344272 1.29133858 3.17282372 0 P 0 Y;0
A 1.25706358 3.15344272 1.24421467 3.17499646 0.76379262 2.8739938 0 P 0 N;0
A 1.24421467 3.17499646 1.17736693 3.13338947 1.21086663 3.15407116 0 P 0 N;0
A 1.17736693 3.13338947 1.02315413 3.28760157 0.76378091 2.87401437 0 P 0 N;0
A 1.02315413 3.28760157 1.06474242 3.35446348 1.04383504 3.32110295 0 P 0 N;0
A 1.06474242 3.35446348 0.46280659 3.35445709 0.76377963 2.87401585 0 P 0 N;0
A 0.46280659 3.35445709 0.50442697 3.28761673 0.48372372 3.32110344 0 P 0 N;0
A 0.50442697 3.28761673 0.35017323 3.13335591 0.76378287 2.87401909 0 P 0 N;0
A 0.35017323 3.13335591 0.28333868 3.1749877 0.31669262 3.15407008 0 P 0 N;0
A 0.28333868 3.1749877 0.28334291 2.57303504 0.76377943 2.87401476 0 P 0 N;0
A 0.28334291 2.57303504 0.35017569 2.61466969 0.31669173 2.59396093 0 P 0 N;0
A 0.35017569 2.61466969 0.50438868 2.46044006 0.76377943 2.87401585 0 P 0 N;0
A 0.50438868 2.46044006 0.46277726 2.39359272 0.4837247 2.42692815 0 P 0 N;0
A 0.46277726 2.39359272 0.48437697 2.38071782 0.76377933 2.87401585 0 P 0 N;0
A 0.48437697 2.38071782 0.48437697 2.31219557 0.46497156 2.34645669 0 P 0 Y;0
A 0.48437697 2.31219557 0.46280659 2.29933898 0.76378061 1.81889803 0 P 0 N;0
A 0.46280659 2.29933898 0.50442697 2.23249862 0.48372372 2.26598533 0 P 0 N;0
A 0.50442697 2.23249862 0.35017323 2.0782378 0.76378287 1.81890098 0 P 0 N;0
A 0.35017323 2.0782378 0.28332825 2.11985463 0.31669222 2.09895217 0 P 0 N;0
A 0.28332825 2.11985463 0.28339449 1.51783494 0.76377992 1.81889764 0 P 0 N;0
A 0.28339449 1.51783494 0.35017569 1.55955157 0.31669163 1.53884282 0 P 0 N;0
A 0.35017569 1.55955157 0.50438868 1.40532195 0.76377943 1.81889774 0 P 0 N;0
A 0.50438868 1.40532195 0.46276575 1.33848179 0.4837247 1.37181004 0 P 0 N;0
A 0.46276575 1.33848179 0.48437697 1.3255997 0.76377894 1.81889823 0 P 0 N;0
A 0.48437697 1.3255997 0.48437697 1.25707746 0.46497156 1.29133858 0 P 0 Y;0
A 0.48437697 1.25707746 0.46280659 1.24422087 0.76378041 0.76378012 0 P 0 N;0
A 0.46280659 1.24422087 0.50442697 1.17738051 0.48372372 1.21086722 0 P 0 N;0
A 0.50442697 1.17738051 0.35017323 1.02311969 0.76378287 0.76378287 0 P 0 N;0
A 0.35017323 1.02311969 0.28332785 1.06473593 0.31669222 1.04383406 0 P 0 N;0
A 1.4052938 1.55955157 1.55950679 1.40532195 1.81889754 1.81889774 0 P 0 N;0
L 1.55950679 1.40532195 1.5595063 1.40532116 0 P 0 ;0
A 1.5595063 1.40532116 1.51789213 1.33847657 1.53884262 1.37180965 0 P 0 N;0
A 1.51789213 1.33847657 1.53949508 1.3255997 1.81889636 1.81889843 0 P 0 N;0
A 1.53949508 1.3255997 1.53949508 1.25707746 1.52008967 1.29133858 0 P 0 Y;0
A 1.53949508 1.25707746 1.51792461 1.24422077 1.81889921 0.76378041 0 P 0 N;0
A 1.51792461 1.24422077 1.55954469 1.1773811 1.53884163 1.21086752 0 P 0 N;0
L 1.55954469 1.1773811 1.55954508 1.17738051 0 P 0 ;0
A 1.55954508 1.17738051 1.40529144 1.02311969 1.81890108 0.76378297 0 P 0 N;0
L 1.40529144 1.02311969 1.40529085 1.02312008 0 P 0 ;0
A 1.40529085 1.02312008 1.33844547 1.06473543 1.37181004 1.04383435 0 P 0 N;0
A 1.33844547 1.06473543 1.3255997 1.04318209 1.81889872 0.7637812 0 P 0 N;0
A 1.3255997 1.04318209 1.25707746 1.04318209 1.29133858 1.0625875 0 P 0 Y;0
A 1.25707746 1.04318209 1.24421457 1.06476033 0.76379341 0.7637561 0 P 0 N;0
A 1.24421457 1.06476033 1.17736693 1.02315335 1.21086663 1.04383494 0 P 0 N;0
L 1.17736693 1.02315335 1.17736624 1.02315285 0 P 0 ;0
A 1.17736624 1.02315285 1.02315413 1.17736535 0.76377963 0.76377943 0 P 0 N;0
L 1.02315413 1.17736535 1.02315463 1.17736604 0 P 0 ;0
A 1.02315463 1.17736604 1.06474262 1.24422717 1.04383524 1.21086713 0 P 0 N;0
A 1.06474262 1.24422717 1.04318209 1.25707746 0.76378081 0.76377874 0 P 0 N;0
A 1.04318209 1.25707746 1.04318209 1.3255997 1.0625875 1.29133858 0 P 0 Y;0
A 1.04318209 1.3255997 1.06475974 1.33846201 0.76375974 1.81888593 0 P 0 N;0
A 1.06475974 1.33846201 1.02313209 1.40529833 1.04383406 1.37181043 0 P 0 N;0
L 1.02313209 1.40529833 1.02313169 1.40529892 0 P 0 ;0
A 1.02313169 1.40529892 1.17738051 1.55954508 0.76378287 1.81890098 0 P 0 N;0
L 1.17738051 1.55954508 1.1773811 1.55954469 0 P 0 ;0
A 1.1773811 1.55954469 1.24422264 1.51792746 1.21086762 1.53884163 0 P 0 N;0
A 1.24422264 1.51792746 1.25707746 1.53949518 0.76377904 1.81889695 0 P 0 N;0
A 1.25707746 1.53949518 1.3255997 1.53949508 1.29133858 1.52008967 0 P 0 Y;0
A 1.3255997 1.53949508 1.33848297 1.51788189 1.81889852 1.81889606 0 P 0 N;0
A 1.33848297 1.51788189 1.40529321 1.55955118 1.37180945 1.53884262 0 P 0 N;0
L 1.40529321 1.55955118 1.4052938 1.55955157 0 P 0 ;0
A 1.4052938 2.61466969 1.55950679 2.46044006 1.81889754 2.87401585 0 P 0 N;0
L 1.55950679 2.46044006 1.5595063 2.46043927 0 P 0 ;0
A 1.5595063 2.46043927 1.51789213 2.39359469 1.53884262 2.42692776 0 P 0 N;0
A 1.51789213 2.39359469 1.53949508 2.38071782 1.81889636 2.87401654 0 P 0 N;0
A 1.53949508 2.38071782 1.53949508 2.31219557 1.52008967 2.34645669 0 P 0 Y;0
A 1.53949508 2.31219557 1.51792461 2.29933888 1.81889921 1.81889852 0 P 0 N;0
A 1.51792461 2.29933888 1.55954469 2.23249921 1.53884163 2.26598563 0 P 0 N;0
L 1.55954469 2.23249921 1.55954508 2.23249862 0 P 0 ;0
A 1.55954508 2.23249862 1.40529144 2.0782378 1.81890108 1.81890108 0 P 0 N;0
L 1.40529144 2.0782378 1.40529085 2.07823819 0 P 0 ;0
A 1.40529085 2.07823819 1.33844547 2.11985354 1.37181004 2.09895246 0 P 0 N;0
A 1.33844547 2.11985354 1.3255997 2.0983002 1.81889872 1.81889931 0 P 0 N;0
A 1.3255997 2.0983002 1.25707746 2.0983002 1.29133858 2.11770561 0 P 0 Y;0
A 1.25707746 2.0983002 1.24421457 2.11987844 0.76379341 1.81887421 0 P 0 N;0
A 1.24421457 2.11987844 1.17736693 2.07827146 1.21086663 2.09895305 0 P 0 N;0
L 1.17736693 2.07827146 1.17736624 2.07827096 0 P 0 ;0
A 1.17736624 2.07827096 1.02315413 2.23248346 0.76377963 1.81889754 0 P 0 N;0
L 1.02315413 2.23248346 1.02315463 2.23248415 0 P 0 ;0
A 1.02315463 2.23248415 1.06474262 2.29934528 1.04383524 2.26598524 0 P 0 N;0
A 1.06474262 2.29934528 1.04318209 2.31219557 0.76378081 1.81889685 0 P 0 N;0
A 1.04318209 2.31219557 1.04318209 2.38071782 1.0625875 2.34645669 0 P 0 Y;0
A 1.04318209 2.38071782 1.06475974 2.39358012 0.76375974 2.87400404 0 P 0 N;0
A 1.06475974 2.39358012 1.02313209 2.46041644 1.04383406 2.42692854 0 P 0 N;0
L 1.02313209 2.46041644 1.02313169 2.46041703 0 P 0 ;0
A 1.02313169 2.46041703 1.17738051 2.61466319 0.76378287 2.87401909 0 P 0 N;0
L 1.17738051 2.61466319 1.1773811 2.6146628 0 P 0 ;0
A 1.1773811 2.6146628 1.24422264 2.57304557 1.21086762 2.59395974 0 P 0 N;0
A 1.24422264 2.57304557 1.25707746 2.59461329 0.76377904 2.87401506 0 P 0 N;0
A 1.25707746 2.59461329 1.3255997 2.59461319 1.29133858 2.57520778 0 P 0 Y;0
A 1.3255997 2.59461319 1.33848297 2.573 1.81889852 2.87401417 0 P 0 N;0
A 1.33848297 2.573 1.40529321 2.61466929 1.37180945 2.59396073 0 P 0 N;0
L 1.40529321 2.61466929 1.4052938 2.61466969 0 P 0 ;0
P 0.13779528 0.13779528 3 P 0 0
P 0.13779528 3.5 3 P 0 0
P 2.44488189 3.5 3 P 0 0
P 2.44488189 0.13779528 3 P 0 0
P 0.13779528 0.53149606 2 P 0 0
P 0.13779528 3.10629921 2 P 0 0
P 2.44488189 3.10629921 2 P 0 0
P 2.44488189 0.53149606 2 P 0 0
P 1.15053543 1.06168504 1 P 0 0
P 1.13052362 1.08600394 1 P 0 0
P 1.10898032 1.10898032 1 P 0 0
P 1.08600394 1.13052362 1 P 0 0
P 1.06168504 1.15053543 1 P 0 0
P 0.4658748 1.15053543 1 P 0 0
P 0.44155551 1.13052362 1 P 0 0
P 0.41857795 1.10898032 1 P 0 0
P 0.39703661 1.08600394 1 P 0 0
P 0.37702205 1.06168504 1 P 0 0
P 0.37702205 0.4658748 1 P 0 0
P 0.39703661 0.44155551 1 P 0 0
P 0.41857795 0.41857795 1 P 0 0
P 0.44155551 0.39703661 1 P 0 0
P 0.4658748 0.37702205 1 P 0 0
P 1.06168504 0.37702205 1 P 0 0
P 1.08600394 0.39703661 1 P 0 0
P 1.10898032 0.41857795 1 P 0 0
P 1.13052362 0.44155551 1 P 0 0
P 1.15053543 0.4658748 1 P 0 0
P 1.15053543 2.11680315 1 P 0 0
P 1.13052362 2.14112205 1 P 0 0
P 1.10898032 2.16409843 1 P 0 0
P 1.08600394 2.18564173 1 P 0 0
P 1.06168504 2.20565354 1 P 0 0
P 0.4658748 2.20565354 1 P 0 0
P 0.44155551 2.18564173 1 P 0 0
P 0.41857795 2.16409843 1 P 0 0
P 0.39703661 2.14112205 1 P 0 0
P 0.37702205 2.11680315 1 P 0 0
P 0.37702205 1.52099291 1 P 0 0
P 0.39703661 1.49667362 1 P 0 0
P 0.41857795 1.47369606 1 P 0 0
P 0.44155551 1.45215472 1 P 0 0
P 0.4658748 1.43214016 1 P 0 0
P 1.06168504 1.43214016 1 P 0 0
P 1.08600394 1.45215472 1 P 0 0
P 1.10898032 1.47369606 1 P 0 0
P 1.13052362 1.49667362 1 P 0 0
P 1.15053543 1.52099291 1 P 0 0
P 1.15053543 3.17192126 1 P 0 0
P 1.13052362 3.19624016 1 P 0 0
P 1.10898032 3.21921654 1 P 0 0
P 1.08600394 3.24075984 1 P 0 0
P 1.06168504 3.26077165 1 P 0 0
P 0.4658748 3.26077165 1 P 0 0
P 0.44155551 3.24075984 1 P 0 0
P 0.41857795 3.21921654 1 P 0 0
P 0.39703661 3.19624016 1 P 0 0
P 0.37702205 3.17192126 1 P 0 0
P 0.37702205 2.57611102 1 P 0 0
P 0.39703661 2.55179173 1 P 0 0
P 0.41857795 2.52881417 1 P 0 0
P 0.44155551 2.50727283 1 P 0 0
P 0.4658748 2.48725827 1 P 0 0
P 1.06168504 2.48725827 1 P 0 0
P 1.08600394 2.50727283 1 P 0 0
P 1.10898032 2.52881417 1 P 0 0
P 1.13052362 2.55179173 1 P 0 0
P 1.15053543 2.57611102 1 P 0 0
P 2.20565354 1.06168504 1 P 0 0
P 2.18564173 1.08600394 1 P 0 0
P 2.16409843 1.10898032 1 P 0 0
P 2.14112205 1.13052362 1 P 0 0
P 2.11680315 1.15053543 1 P 0 0
P 1.52099291 1.15053543 1 P 0 0
P 1.49667362 1.13052362 1 P 0 0
P 1.47369606 1.10898032 1 P 0 0
P 1.45215472 1.08600394 1 P 0 0
P 1.43214016 1.06168504 1 P 0 0
P 1.43214016 0.4658748 1 P 0 0
P 1.45215472 0.44155551 1 P 0 0
P 1.47369606 0.41857795 1 P 0 0
P 1.49667362 0.39703661 1 P 0 0
P 1.52099291 0.37702205 1 P 0 0
P 2.11680315 0.37702205 1 P 0 0
P 2.14112205 0.39703661 1 P 0 0
P 2.16409843 0.41857795 1 P 0 0
P 2.18564173 0.44155551 1 P 0 0
P 2.20565354 0.4658748 1 P 0 0
P 2.20565354 2.11680315 1 P 0 0
P 2.18564173 2.14112205 1 P 0 0
P 2.16409843 2.16409843 1 P 0 0
P 2.14112205 2.18564173 1 P 0 0
P 2.11680315 2.20565354 1 P 0 0
P 1.52099291 2.20565354 1 P 0 0
P 1.49667362 2.18564173 1 P 0 0
P 1.47369606 2.16409843 1 P 0 0
P 1.45215472 2.14112205 1 P 0 0
P 1.43214016 2.11680315 1 P 0 0
P 1.43214016 1.52099291 1 P 0 0
P 1.45215472 1.49667362 1 P 0 0
P 1.47369606 1.47369606 1 P 0 0
P 1.49667362 1.45215472 1 P 0 0
P 1.52099291 1.43214016 1 P 0 0
P 2.11680315 1.43214016 1 P 0 0
P 2.14112205 1.45215472 1 P 0 0
P 2.16409843 1.47369606 1 P 0 0
P 2.18564173 1.49667362 1 P 0 0
P 2.20565354 1.52099291 1 P 0 0
P 2.20565354 3.17192126 1 P 0 0
P 2.18564173 3.19624016 1 P 0 0
P 2.16409843 3.21921654 1 P 0 0
P 2.14112205 3.24075984 1 P 0 0
P 2.11680315 3.26077165 1 P 0 0
P 1.52099291 3.26077165 1 P 0 0
P 1.49667362 3.24075984 1 P 0 0
P 1.47369606 3.21921654 1 P 0 0
P 1.45215472 3.19624016 1 P 0 0
P 1.43214016 3.17192126 1 P 0 0
P 1.43214016 2.57611102 1 P 0 0
P 1.45215472 2.55179173 1 P 0 0
P 1.47369606 2.52881417 1 P 0 0
P 1.49667362 2.50727283 1 P 0 0
P 1.52099291 2.48725827 1 P 0 0
P 2.11680315 2.48725827 1 P 0 0
P 2.14112205 2.50727283 1 P 0 0
P 2.16409843 2.52881417 1 P 0 0
P 2.18564173 2.55179173 1 P 0 0
P 2.20565354 2.57611102 1 P 0 0
S P 0
OB 0.350225492126 2.078323031496 I
OC 0.350183366142 1.559539271654 0.763779429134 1.81889753937 N
OC 0.283391732283 1.517839370079 0.316691732283 1.538842814961 Y
OC 0.283467224409 2.12007480315 0.76377992126 1.818896850394 Y
OC 0.350225492126 2.078323031496 0.316692125984 2.09895226378 Y
OE
SE
S P 0
OB 0.350225492126 1.02320492126 I
OC 0.350183366142 0.504421161417 0.763779429134 0.763779429134 N
OC 0.28339753937 0.462712401575 0.316691830709 0.483724704724 Y
OC 0.283334055118 1.064745964567 0.763779625984 0.763779822835 Y
OC 0.350225492126 1.02320492126 0.316692027559 1.043834153543 Y
OE
SE
S P 0
OB 0.350225492126 3.133441141732 I
OC 0.350183366142 2.61465738189 0.763779429134 2.874015649606 N
OC 0.283335433071 2.573046948819 0.316691732283 2.593960925197 Y
OC 0.283370767717 3.175038582677 0.763779429134 2.874014566929 Y
OC 0.350225492126 3.133441141732 0.316692519685 3.154070177165 Y
OE
SE
S P 0
OB 0.504400590551 1.405314566929 I
OC 1.023198129921 1.405338976378 0.76377992126 1.818897637795 N
OC 1.064759744094 1.338462007874 1.043834055118 1.371810433071 Y
OC 1.043171948819 1.325593996063 0.763760334646 1.818886220472 Y
OC 1.043182086614 1.25707746063 1.0625875 1.291338582677 N
OC 1.06474261811 1.244227165354 0.763780807087 0.763778740157 Y
OC 1.023071456693 1.177417224409 1.04383523622 1.210867027559 Y
OC 0.504426968504 1.177380511811 0.763778444882 0.763779527559 N
OC 0.462806594488 1.244220866142 0.483723720472 1.210867224409 Y
OC 0.484376968504 1.25707746063 0.763780413386 0.76378011811 Y
OC 0.484376968504 1.325599704724 0.464971555118 1.291338582677 N
OC 0.462756003937 1.338487893701 0.763778937008 1.818898228346 Y
OC 0.504400590551 1.405314566929 0.48372480315 1.371809940945 Y
OE
SE
S P 0
OB 0.504400590551 2.460432677165 I
OC 1.023198129921 2.460457086614 0.76377992126 2.874015748031 N
OC 1.064759744094 2.39358011811 1.043834055118 2.426928543307 Y
OC 1.043171948819 2.380712106299 0.763760334646 2.874004330709 Y
OC 1.043182086614 2.312195570866 1.0625875 2.346456692913 N
OC 1.06474261811 2.299345275591 0.763780807087 1.818896850394 Y
OC 1.023071456693 2.232535334646 1.04383523622 2.265985137795 Y
OC 0.504426968504 2.232498622047 0.763778444882 1.818897637795 N
OC 0.462806594488 2.299338976378 0.483723720472 2.265985334646 Y
OC 0.484376968504 2.312195570866 0.763780610236 1.818898031496 Y
OC 0.484376968504 2.380717814961 0.464971555118 2.346456692913 N
OC 0.462769488189 2.393597637795 0.76378011811 2.874015354331 Y
OC 0.504400590551 2.460432677165 0.483724606299 2.426928248031 Y
OE
SE
S P 0
OB 1.064742519685 3.354463484252 I
OC 1.023145472441 3.287606988189 1.04383503937 3.321103051181 Y
OC 0.504426968504 3.287616732283 0.763778444882 2.874015748031 N
OC 0.462806594488 3.354457086614 0.483723720472 3.321103444882 Y
OC 1.064742519685 3.354463484252 0.763779625984 2.874015846457 Y
OE
SE
S P 0
OB 1.064544586614 0.283209153543 I
OC 0.462693799213 0.283409055118 0.763778740157 0.763779625984 Y
OC 0.504400590551 0.350196456693 0.483724704724 0.316691929134 Y
OC 1.023271850394 0.350267027559 0.763780019685 0.763779527559 N
OC 1.064544586614 0.283209153543 1.043833956693 0.316692322835 Y
OE
SE
S P 0;0
OB 1.405308169291 1.023148523622 I
OC 1.405301476378 0.504421161417 1.818897637795 0.763779527559 N
OC 1.338475492126 0.462775787402 1.37180984252 0.483724704724 Y
OC 1.325601870079 0.484373129921 1.818898129921 0.763778937008 Y
OC 1.25707746063 0.484376968504 1.291338582677 0.464971555118 N
OC 1.244218208661 0.462801968504 0.763777755906 0.763776476378 Y
OC 1.177438484252 0.504521456693 1.210867125984 0.483723818898 Y
OC 1.177402362205 1.023095374016 0.763779527559 0.763779625984 N
OC 1.244214566929 1.064760334646 1.210866437008 1.04383484252 Y
OC 1.257090649606 1.043158858268 0.763793799213 0.763755610236 Y
OC 1.325599704724 1.043182086614 1.291338582677 1.0625875 N
OC 1.338445472441 1.064735433071 1.818898622047 0.763781200787 Y
OC 1.405308169291 1.023148523622 1.371809940945 1.043834448819 Y
OE
SE
S P 0;0
OB 1.405308169291 2.078266633858 I
OC 1.405293208661 1.559551181102 1.818897637795 1.818896948819 N
OC 1.338482972441 1.517881889764 1.371809448819 1.53884261811 Y
OC 1.325599704724 1.53949507874 1.818898523622 1.818896062992 Y
OC 1.25707746063 1.539495177165 1.291338582677 1.520089665354 N
OC 1.244222637795 1.51792746063 0.763779035433 1.818896850394 Y
OC 1.177457086614 1.559669291339 1.210867027559 1.538841929134 Y
OC 1.177402362205 2.078213484252 0.763779527559 1.81889773622 N
OC 1.244214566929 2.119878444882 1.210866437008 2.098952952756 Y
OC 1.257090649606 2.098276968504 0.763793799213 1.818873720472 Y
OC 1.325599704724 2.09830019685 1.291338582677 2.117705610236 N
OC 1.338445472441 2.119853543307 1.818898622047 1.818899311024 Y
OC 1.405308169291 2.078266633858 1.371809940945 2.098952559055 Y
OE
SE
S P 0;0
OB 1.405343602362 3.133441043307 I
OC 1.405293208661 2.614669291339 1.818897637795 2.87401496063 N
OC 1.338482972441 2.573 1.371809448819 2.593960728346 Y
OC 1.325599704724 2.594613188976 1.818898523622 2.874014173228 Y
OC 1.25707746063 2.594613287402 1.291338582677 2.575207775591 N
OC 1.244222637795 2.573045570866 0.763779035433 2.87401496063 Y
OC 1.177457086614 2.614787401575 1.210867027559 2.59396003937 Y
OC 1.177401673228 3.133332677165 0.763779527559 2.874015846457 N
OC 1.244214665354 3.174996456693 1.210866437008 3.154071161417 Y
OC 1.257076476378 3.153419980315 0.763792814961 2.873993602362 Y
OC 1.325599704724 3.153418307087 1.291338582677 3.172823720472 N
OC 1.338445669291 3.174971751969 1.818897244094 2.874015255906 Y
OC 1.405343602362 3.133441043307 1.37181023622 3.154070374016 Y
OE
SE
S P 0;0
OB 2.119865059055 3.35446003937 I
OC 2.078254625984 3.28761269685 2.098953051181 3.321102854331 Y
OC 1.55954507874 3.287616732283 1.818896653543 2.874015748031 N
OC 1.517851771654 3.354411220472 1.538841830709 3.321103444882 Y
OC 2.119865059055 3.35446003937 1.81889734252 2.874015452756 Y
OE
SE
S P 0;0
OB 2.1196625 0.283209055118 I
OC 1.517821751969 0.283402854331 1.818896850394 0.763779429134 Y
OC 1.559518700787 0.350196456693 1.538842814961 0.316691929134 Y
OC 2.07838996063 0.350267027559 1.818898129921 0.763779527559 N
OC 2.1196625 0.283209055118 2.098952066929 0.31669242126 Y
OE
SE
S P 0;0
OB 2.119877755906 1.338461909449 I
OC 2.098290059055 1.325593996063 1.818878937008 1.818886811024 Y
OC 2.09830019685 1.25707746063 2.117705610236 1.291338582677 N
OC 2.119860629921 1.244227165354 1.818897834646 0.763779330709 Y
OC 2.078263582677 1.177370767717 2.098953248031 1.210866732283 Y
OC 1.559544685039 1.177381102362 1.818895866142 0.763779527559 N
OC 1.517924606299 1.244220767717 1.538841633858 1.210867519685 Y
OC 1.53949507874 1.25707746063 1.818899212598 0.763780413386 Y
OC 1.53949507874 1.325599704724 1.520089665354 1.291338582677 N
OC 1.517883759843 1.338481889764 1.81889753937 1.81889773622 Y
OC 1.559592322835 1.405268307087 1.53884261811 1.371809744094 Y
OC 2.07838996063 1.405385137795 1.818898031496 1.818897637795 N
OC 2.119877755906 1.338461909449 2.098951870079 1.371810728346 Y
OE
SE
S P 0;0
OB 2.119877755906 2.393580019685 I
OC 2.098290059055 2.380712106299 1.818879133858 2.874004527559 Y
OC 2.09830019685 2.312195570866 2.117705610236 2.346456692913 N
OC 2.119870275591 2.299339271654 1.818898326772 1.818896850394 Y
OC 2.078263582677 2.232488877953 2.098953149606 2.26598484252 Y
OC 1.559544685039 2.232499212598 1.818895866142 1.818897637795 N
OC 1.517924606299 2.299338877953 1.538841633858 2.265985629921 Y
OC 1.53949507874 2.312195570866 1.818899212598 1.818898523622 Y
OC 1.53949507874 2.380717814961 1.520089665354 2.346456692913 N
OC 1.517883759843 2.3936 1.81889753937 2.874015846457 Y
OC 1.559592322835 2.460386417323 1.53884261811 2.426927854331 Y
OC 2.07838996063 2.460503248031 1.818898031496 2.874015748031 N
OC 2.119877755906 2.393580019685 2.098951870079 2.426928838583 Y
OE
SE
S P 0;0
OB 2.299340255906 1.064748326772 I
OC 2.299344192913 0.462814468504 1.81889773622 0.763778248031 Y
OC 2.232556594488 0.504521456693 2.26598523622 0.483723720472 Y
OC 2.232519783465 1.023096456693 1.818897637795 0.763779625984 N
OC 2.226614862205 1.043834940945 2.265984547244 1.04383484252 Y
OC 2.299340255906 1.064748326772 2.265984547244 1.043834940945 Y
OE
SE
S P 0;0
OB 2.299340255906 2.119866437008 I
OC 2.299294783465 1.517854330709 1.818897244094 1.818896653543 Y
OC 2.232556594488 1.559639566929 2.265985137795 1.538841929134 Y
OC 2.232519783465 2.078214566929 1.818897637795 1.81889773622 N
OC 2.226614862205 2.098953051181 2.265984547244 2.098952952756 Y
OC 2.299340255906 2.119866437008 2.265984547244 2.098953051181 Y
OE
SE
S P 0;0
OB 2.299340255906 3.174984547244 I
OC 2.299289468504 2.572964173228 1.81889734252 2.874014862205 Y
OC 2.232556594488 2.614757677165 2.265985137795 2.59396003937 Y
OC 2.232519783465 3.133332677165 1.818897637795 2.874015846457 N
OC 2.226614862205 3.154071161417 2.265984547244 3.154071062992 Y
OC 2.299340255906 3.174984547244 2.265984547244 3.154071161417 Y
OE
SE
