#
#Feature symbol names
#
$0 r5.906
$1 r44.685
$2 rect33.858x29.921
$3 rect41.732x37.795
$4 rect44.685x61.417xr9.606
$5 rect48.819x48.819xr2.559
$6 rect61.417x44.685xr9.606
$7 rect67.323x29.921

#
#Feature attribute names
#
@0 .smd

#
#Layer features
#
P 0.60653376 0.44467648 1 P 11 0;0
P 0.53271486 0.44467648 1 P 11 0;0
P 0.10162431 0.39958593 1 P 11 0;0
P 0.10162431 0.32576703 1 P 11 0;0
P 0.7311811 0.7191063 1 P 11 0;0
P 0.7311811 0.6452874 1 P 11 0;0
P 0.30062431 0.54858593 1 P 11 0;0
P 0.30062431 0.47476703 1 P 11 0;0
P 0.20262431 0.32967648 1 P 11 0;0
P 0.20262431 0.40349537 1 P 11 0;0
P 0.53309055 0.76219685 1 P 11 0;0
P 0.45927165 0.76219685 1 P 11 0;0
P 0.37559055 0.14019685 1 P 11 0;0
P 0.30177165 0.14019685 1 P 11 0;0
P 0.84809055 0.24719685 1 P 11 0;0
P 0.77427165 0.24719685 1 P 11 0;0
P 0.3311811 0.8041063 1 P 11 0;0
P 0.3311811 0.7302874 6 P 10 0
P 0.3311811 0.7302874 1 P 11 0;0
P 0.2501811 0.7302874 1 P 11 0;0
P 0.2501811 0.8041063 1 P 11 0;0
P 0.88509055 0.56719685 1 P 11 0;0
P 0.81127165 0.56719685 1 P 11 0;0
P 0.8101811 0.7191063 1 P 11 0;0
P 0.8101811 0.6452874 1 P 11 0;0
P 0.10262431 0.47076703 1 P 11 0;0
P 0.10262431 0.54458593 1 P 11 0;0
P 0.20462431 0.46976703 1 P 11 0;0
P 0.20462431 0.54358593 1 P 11 0;0
P 0.21709055 0.24919685 4 P 10 0
P 0.21709055 0.24919685 1 P 11 0;0
P 0.14327165 0.24919685 1 P 11 0;0
P 0.6936811 0.2171063 1 P 11 0;0
P 0.6936811 0.1432874 1 P 11 0;0
P 0.6936811 0.2757874 1 P 11 0;0
P 0.6936811 0.3496063 1 P 11 0;0
P 0.3001811 0.2962874 1 P 11 0;0
P 0.3001811 0.3701063 1 P 11 0;0
P 0.83953376 0.33767648 1 P 11 0;0
P 0.76571486 0.33767648 1 P 11 0;0
A 0.97637795 0.48818898 0.97637795 0.48818898 0.48818898 0.48818898 0 P 10 N
P 0.60653376 0.44467648 4 P 10 0
P 0.60653376 0.44467648 1 P 0 0
P 0.53271486 0.44467648 4 P 10 0
P 0.53271486 0.44467648 1 P 0 0
P 0.10162431 0.39958593 6 P 10 0
P 0.10162431 0.39958593 1 P 0 0
P 0.10162431 0.32576703 6 P 10 0
P 0.10162431 0.32576703 1 P 0 0
P 0.7311811 0.7191063 6 P 10 0
P 0.7311811 0.7191063 1 P 0 0
P 0.7311811 0.6452874 6 P 10 0
P 0.7311811 0.6452874 1 P 0 0
P 0.30062431 0.54858593 6 P 10 0
P 0.30062431 0.54858593 1 P 0 0
P 0.30062431 0.47476703 6 P 10 0
P 0.30062431 0.47476703 1 P 0 0
P 0.20262431 0.32967648 6 P 10 0
P 0.20262431 0.32967648 1 P 0 0
P 0.20262431 0.40349537 6 P 10 0
P 0.20262431 0.40349537 1 P 0 0
P 0.53309055 0.76219685 4 P 10 0
P 0.53309055 0.76219685 1 P 0 0
P 0.45927165 0.76219685 4 P 10 0
P 0.45927165 0.76219685 1 P 0 0
P 0.37559055 0.14019685 4 P 10 0
P 0.37559055 0.14019685 1 P 0 0
P 0.30177165 0.14019685 4 P 10 0
P 0.30177165 0.14019685 1 P 0 0
P 0.84809055 0.24719685 4 P 10 0
P 0.84809055 0.24719685 1 P 0 0
P 0.77427165 0.24719685 4 P 10 0
P 0.77427165 0.24719685 1 P 0 0
P 0.59681102 0.83059843 3 P 0 0
P 0.59681102 0.75579528 3 P 0 0
P 0.67555118 0.79319685 3 P 0 0
P 0.3311811 0.8041063 6 P 10 0
P 0.3311811 0.8041063 1 P 0 0
P 0.2501811 0.7302874 6 P 10 0
P 0.2501811 0.7302874 1 P 0 0
P 0.2501811 0.8041063 6 P 10 0
P 0.2501811 0.8041063 1 P 0 0
P 0.88509055 0.56719685 4 P 10 0
P 0.88509055 0.56719685 1 P 0 0
P 0.81127165 0.56719685 4 P 10 0
P 0.81127165 0.56719685 1 P 0 0
P 0.8101811 0.7191063 6 P 10 0
P 0.8101811 0.7191063 1 P 0 0
P 0.8101811 0.6452874 6 P 10 0
P 0.8101811 0.6452874 1 P 0 0
P 0.10262431 0.47076703 6 P 10 0
P 0.10262431 0.47076703 1 P 0 0
P 0.10262431 0.54458593 6 P 10 0
P 0.10262431 0.54458593 1 P 0 0
P 0.20462431 0.46976703 6 P 10 0
P 0.20462431 0.46976703 1 P 0 0
P 0.20462431 0.54358593 6 P 10 0
P 0.20462431 0.54358593 1 P 0 0
P 0.14327165 0.24919685 4 P 10 0
P 0.14327165 0.24919685 1 P 0 0
P 0.6936811 0.2171063 6 P 10 0
P 0.6936811 0.2171063 1 P 0 0
P 0.6936811 0.1432874 6 P 10 0
P 0.6936811 0.1432874 1 P 0 0
P 0.6936811 0.2757874 6 P 10 0
P 0.6936811 0.2757874 1 P 0 0
P 0.6936811 0.3496063 6 P 10 0
P 0.6936811 0.3496063 1 P 0 0
P 0.3001811 0.2962874 6 P 10 0
P 0.3001811 0.2962874 1 P 0 0
P 0.3001811 0.3701063 6 P 10 0
P 0.3001811 0.3701063 1 P 0 0
P 0.83953376 0.33767648 4 P 10 0
P 0.83953376 0.33767648 1 P 0 0
P 0.76571486 0.33767648 4 P 10 0
P 0.76571486 0.33767648 1 P 0 0
P 0.42188189 0.53519685 7 P 0 0
P 0.42188189 0.58519685 7 P 0 0
P 0.42188189 0.63519685 7 P 0 0
P 0.42188189 0.68519685 7 P 0 0
P 0.63448032 0.68519685 7 P 0 0
P 0.63448032 0.63519685 7 P 0 0
P 0.63448032 0.58519685 7 P 0 0
P 0.63448032 0.53519685 7 P 0 0
P 0.3963251 0.36867648 7 P 0 0
P 0.3963251 0.31867648 7 P 0 0
P 0.3963251 0.26867648 7 P 0 0
P 0.3963251 0.21867648 7 P 0 0
P 0.60892352 0.21867648 7 P 0 0
P 0.60892352 0.26867648 7 P 0 0
P 0.60892352 0.31867648 7 P 0 0
P 0.60892352 0.36867648 7 P 0 0
P 0.2491811 0.66923553 2 P 0 0
P 0.2491811 0.61411742 2 P 0 0
P 0.1811811 0.6146378 2 P 0 0
P 0.1811811 0.66975591 2 P 0 0
P 0.1171811 0.66775591 2 P 0 0
P 0.1171811 0.6126378 2 P 0 0
P 0.3161811 0.67075591 2 P 0 0
P 0.3161811 0.6156378 2 P 0 0
P 0.3411811 0.87219685 5 P 0 0
P 0.5211811 0.90219685 5 P 0 0
P 0.2611811 0.87219685 5 P 0 0
P 0.4361811 0.09269685 5 P 0 0
P 0.5991811 0.90219685 5 P 0 0
P 0.5086811 0.09269685 5 P 0 0
P 0.5811811 0.09269685 5 P 0 0
